

TREE #  1

  0  0.0000 846629.282160  x:  0.01797   0.03290   0.01478   0.01435   0.03005   0.03024   0.04408   0.05876   0.01826   0.05782   0.00419   0.01204   0.01165   0.01636   0.07368   0.05738   0.02823   0.02843   1.05368  
  1 99.0000 846628.942966  x:  0.01795   0.03289   0.01476   0.01430   0.03004   0.03024   0.04409   0.05874   0.01823   0.05782   0.00406   0.01204   0.01165   0.01640   0.07364   0.05736   0.02822   0.02842   1.05366  
  2 4092.1591 846628.695678  x:  0.01790   0.03287   0.01471   0.01419   0.02999   0.03024   0.04413   0.05871   0.01818   0.05781   0.00408   0.01205   0.01165   0.01654   0.07352   0.05731   0.02819   0.02838   1.05360  
  3 2486.8890 846628.492287  x:  0.01780   0.03284   0.01473   0.01423   0.02993   0.03024   0.04418   0.05863   0.01813   0.05778   0.00408   0.01201   0.01164   0.01646   0.07324   0.05721   0.02816   0.02833   1.05343  
  4 1417.3731 846628.416902  x:  0.01780   0.03284   0.01473   0.01423   0.02995   0.03022   0.04415   0.05859   0.01820   0.05777   0.00408   0.01208   0.01164   0.01646   0.07311   0.05721   0.02817   0.02835   1.05326  
  5 1034.3693 846628.335156  x:  0.01782   0.03285   0.01473   0.01422   0.02999   0.03020   0.04410   0.05857   0.01826   0.05775   0.00408   0.01202   0.01163   0.01648   0.07300   0.05723   0.02819   0.02838   1.05300  
  6 1691.5683 846627.699652  x:  0.01806   0.03280   0.01469   0.01426   0.02999   0.03028   0.04389   0.05861   0.01806   0.05767   0.00408   0.01203   0.01171   0.01648   0.07282   0.05747   0.02811   0.02833   1.05022  
  7 1653.0233 846626.349626  x:  0.01819   0.03279   0.01475   0.01421   0.02991   0.03029   0.04383   0.05871   0.01800   0.05763   0.00409   0.01208   0.01136   0.01643   0.07278   0.05760   0.02808   0.02829   1.04421  
  8 14786.5604 846615.018473  x:  0.01832   0.03288   0.01506   0.01391   0.02938   0.03005   0.04418   0.05936   0.01841   0.05765   0.00409   0.01201   0.01171   0.01632   0.07312   0.05773   0.02815   0.02821   0.99225  
  9 73041.5705 846610.669396  x:  0.01816   0.03289   0.01467   0.01436   0.02980   0.03019   0.04433   0.05931   0.01834   0.05777   0.00406   0.01205   0.01163   0.01657   0.07333   0.05757   0.02824   0.02834   0.97260  
 10 118312.7463 846610.072199  x:  0.01811   0.03294   0.01470   0.01418   0.03002   0.03029   0.04428   0.05912   0.01822   0.05788   0.00408   0.01204   0.01164   0.01645   0.07340   0.05751   0.02823   0.02841   0.96990  
 11 16838.3752 846609.955806  x:  0.01811   0.03298   0.01479   0.01421   0.02999   0.03028   0.04422   0.05896   0.01820   0.05796   0.00407   0.01204   0.01164   0.01649   0.07344   0.05751   0.02820   0.02840   0.96937  
 12 2900.7548 846609.936004  x:  0.01812   0.03298   0.01475   0.01421   0.02995   0.03027   0.04421   0.05890   0.01820   0.05799   0.00407   0.01204   0.01163   0.01648   0.07346   0.05752   0.02820   0.02839   0.96928  
 13 826.5258 846609.935487  x:  0.01812   0.03297   0.01475   0.01421   0.02996   0.03026   0.04422   0.05890   0.01820   0.05799   0.00407   0.01204   0.01163   0.01648   0.07346   0.05752   0.02821   0.02839   0.96927  
 14 66.4305 846609.935478  x:  0.01812   0.03297   0.01475   0.01421   0.02996   0.03026   0.04422   0.05890   0.01820   0.05799   0.00407   0.01204   0.01163   0.01648   0.07346   0.05752   0.02821   0.02839   0.96927  
 15  8.9307 846609.935477  x:  0.01812   0.03297   0.01475   0.01421   0.02996   0.03026   0.04422   0.05890   0.01820   0.05799   0.00407   0.01204   0.01163   0.01648   0.07346   0.05752   0.02821   0.02839   0.96927  
 16  1.5250 846609.935477  x:  0.01812   0.03297   0.01475   0.01421   0.02996   0.03026   0.04422   0.05890   0.01820   0.05799   0.00407   0.01204   0.01163   0.01648   0.07346   0.05752   0.02821   0.02839   0.96927  
 17  0.3952 846609.935477  x:  0.01812   0.03297   0.01475   0.01421   0.02996   0.03026   0.04422   0.05890   0.01820   0.05799   0.00407   0.01204   0.01163   0.01648   0.07346   0.05752   0.02821   0.02839   0.96927  
 18  7.3346 846609.935473  x:  0.01812   0.03297   0.01475   0.01421   0.02996   0.03027   0.04422   0.05889   0.01820   0.05799   0.00407   0.01204   0.01163   0.01648   0.07346   0.05752   0.02821   0.02839   0.96928  
 19  0.2255 846609.831166  x:  0.03204   0.03303   0.01473   0.01423   0.03001   0.03029   0.04428   0.05883   0.01820   0.05799   0.00407   0.01204   0.01164   0.01650   0.07351   0.04354   0.02824   0.02837   0.97326  
 20  3.9659 846609.812269  x:  0.02321   0.03298   0.01472   0.01423   0.03002   0.03026   0.04423   0.05882   0.01820   0.05799   0.00407   0.01204   0.01164   0.01650   0.07353   0.05231   0.02821   0.02839   0.97399  
 21  1.8088 846609.809596  x:  0.02044   0.03297   0.01472   0.01423   0.03001   0.03028   0.04424   0.05883   0.01820   0.05802   0.00406   0.01204   0.01164   0.01650   0.07352   0.05508   0.02822   0.02840   0.97411  
 22  0.0203 846609.809207  x:  0.02176   0.03298   0.01472   0.01423   0.03001   0.03027   0.04424   0.05883   0.01820   0.05802   0.00406   0.01204   0.01164   0.01650   0.07353   0.05376   0.02822   0.02841   0.97396  
 23  0.0014 846609.808488  x:  0.03077   0.03298   0.01472   0.01424   0.03001   0.03028   0.04424   0.05884   0.01820   0.05802   0.00407   0.01204   0.01165   0.01650   0.07354   0.04475   0.02822   0.02841   0.97397  
 24  0.0016 846609.808488  x:  0.03087   0.03298   0.01472   0.01424   0.03001   0.03028   0.04424   0.05884   0.01820   0.05802   0.00407   0.01204   0.01165   0.01650   0.07354   0.04465   0.02822   0.02841   0.97397  
 25  0.0005 846609.808488  x:  0.03087   0.03298   0.01472   0.01424   0.03001   0.03028   0.04424   0.05884   0.01820   0.05802   0.00407   0.01204   0.01165   0.01650   0.07354   0.04464   0.02822   0.02841   0.97397  
 26  0.0004 846609.808487  x:  0.03094   0.03298   0.01472   0.01424   0.03001   0.03028   0.04424   0.05884   0.01820   0.05802   0.00407   0.01204   0.01165   0.01650   0.07354   0.04458   0.02822   0.02841   0.97397  