

TREE #  1

  0  0.0000 778171.013720  x:  0.03307   0.02904   0.00950   0.01303   0.02395   0.02019   0.05016   0.06278   0.01976   0.04881   0.00555   0.00983   0.01040   0.01203   0.06495   0.00553   0.02219   0.01945   1.05455  
  1 99.0000 778170.343940  x:  0.03307   0.02907   0.00959   0.01292   0.02393   0.02017   0.05020   0.06276   0.01980   0.04878   0.00573   0.00979   0.01042   0.01193   0.06491   0.00553   0.02224   0.01938   1.05452  
  2 4812.6711 778170.128317  x:  0.03307   0.02909   0.00964   0.01285   0.02392   0.02016   0.05024   0.06274   0.01985   0.04875   0.00566   0.00978   0.01042   0.01186   0.06486   0.00553   0.02229   0.01932   1.05448  
  3 2918.5932 778169.992822  x:  0.03306   0.02911   0.00962   0.01284   0.02391   0.02016   0.05032   0.06268   0.01991   0.04867   0.00566   0.00981   0.01040   0.01193   0.06474   0.00552   0.02235   0.01926   1.05436  
  4 1423.7849 778169.899694  x:  0.03305   0.02911   0.00960   0.01289   0.02391   0.02016   0.05038   0.06263   0.01992   0.04859   0.00566   0.00976   0.01043   0.01191   0.06462   0.00552   0.02234   0.01928   1.05420  
  5 1464.1970 778169.805961  x:  0.03305   0.02909   0.00962   0.01288   0.02392   0.02016   0.05040   0.06258   0.01989   0.04855   0.00567   0.00982   0.01041   0.01187   0.06452   0.00552   0.02229   0.01934   1.05393  
  6 1649.6385 778169.584304  x:  0.03306   0.02905   0.00965   0.01278   0.02391   0.02014   0.05034   0.06253   0.01983   0.04854   0.00566   0.00976   0.01040   0.01194   0.06439   0.00552   0.02220   0.01935   1.05314  
  7 2475.7435 778168.083308  x:  0.03305   0.02890   0.00960   0.01285   0.02385   0.02010   0.04985   0.06234   0.01974   0.04873   0.00565   0.00983   0.01056   0.01190   0.06400   0.00551   0.02221   0.01911   1.04739  
  8 7512.6545 778166.074558  x:  0.03304   0.02888   0.00961   0.01297   0.02382   0.02011   0.04949   0.06223   0.01982   0.04890   0.00567   0.00972   0.01021   0.01182   0.06379   0.00550   0.02236   0.01910   1.03966  
  9 40646.4982 778156.104776  x:  0.03300   0.02928   0.00976   0.01282   0.02393   0.02027   0.04924   0.06218   0.02040   0.04922   0.00564   0.00982   0.01052   0.01200   0.06387   0.00547   0.02279   0.01991   1.00076  
 10 70034.9062 778139.865918  x:  0.03311   0.02961   0.00942   0.01280   0.02409   0.02024   0.05013   0.06261   0.02025   0.04922   0.00566   0.00979   0.01041   0.01188   0.06469   0.00559   0.02217   0.01938   0.93909  
 11 195119.2185 778138.528249  x:  0.03312   0.02941   0.00969   0.01293   0.02397   0.02019   0.05027   0.06273   0.02000   0.04911   0.00565   0.00980   0.01043   0.01195   0.06478   0.00560   0.02234   0.01937   0.93380  
 12 44044.3484 778138.335863  x:  0.03313   0.02929   0.00961   0.01288   0.02394   0.02019   0.05029   0.06278   0.01994   0.04906   0.00565   0.00980   0.01042   0.01193   0.06479   0.00561   0.02243   0.01940   0.93305  
 13 7532.1753 778138.314538  x:  0.03314   0.02923   0.00962   0.01288   0.02395   0.02021   0.05028   0.06282   0.01999   0.04903   0.00565   0.00980   0.01042   0.01193   0.06479   0.00561   0.02241   0.01940   0.93297  
 14 637.3242 778138.312872  x:  0.03313   0.02924   0.00961   0.01288   0.02395   0.02020   0.05027   0.06283   0.01999   0.04901   0.00565   0.00980   0.01042   0.01193   0.06479   0.00561   0.02241   0.01940   0.93296  
 15 141.3413 778138.312573  x:  0.03313   0.02924   0.00961   0.01288   0.02395   0.02020   0.05026   0.06284   0.01999   0.04901   0.00565   0.00980   0.01042   0.01193   0.06479   0.00561   0.02241   0.01940   0.93296  
 16 66.7259 778138.312554  x:  0.03314   0.02924   0.00961   0.01288   0.02395   0.02020   0.05027   0.06284   0.01999   0.04901   0.00565   0.00980   0.01042   0.01193   0.06478   0.00561   0.02241   0.01940   0.93296  
 17  7.8569 778138.312553  x:  0.03314   0.02924   0.00961   0.01288   0.02395   0.02020   0.05027   0.06284   0.01999   0.04901   0.00565   0.00980   0.01042   0.01193   0.06478   0.00561   0.02241   0.01940   0.93296  
 18  4.7134 778138.312551  x:  0.03314   0.02924   0.00961   0.01288   0.02395   0.02020   0.05027   0.06284   0.01999   0.04901   0.00565   0.00980   0.01042   0.01193   0.06478   0.00561   0.02241   0.01940   0.93296  
 19  0.3011 778138.188001  x:  0.02640   0.02923   0.00961   0.01287   0.02406   0.02017   0.05033   0.06288   0.01994   0.04898   0.00565   0.00980   0.01042   0.01193   0.06485   0.01223   0.02242   0.01937   0.93501  
 20  0.5751 778137.867422  x:  0.03733   0.02923   0.00960   0.01288   0.02396   0.02019   0.05050   0.06297   0.01992   0.04891   0.00565   0.00980   0.01042   0.01192   0.06502   0.00145   0.02236   0.01933   0.94031  
 21  6.3422 778137.863882  x:  0.03432   0.02924   0.00959   0.01288   0.02396   0.02020   0.05052   0.06299   0.01992   0.04892   0.00566   0.00980   0.01042   0.01192   0.06505   0.00445   0.02235   0.01933   0.93961  
 22  0.0048 778137.863807  x:  0.03534   0.02924   0.00959   0.01288   0.02396   0.02019   0.05052   0.06299   0.01992   0.04892   0.00565   0.00980   0.01042   0.01192   0.06505   0.00343   0.02235   0.01933   0.93957  
 23  0.0018 778137.863807  x:  0.03531   0.02924   0.00959   0.01288   0.02396   0.02019   0.05052   0.06299   0.01992   0.04892   0.00565   0.00980   0.01042   0.01192   0.06505   0.00346   0.02235   0.01933   0.93957  
 24  0.0000 778137.863807  x:  0.03534   0.02924   0.00959   0.01288   0.02396   0.02019   0.05052   0.06299   0.01992   0.04892   0.00565   0.00980   0.01042   0.01192   0.06505   0.00344   0.02235   0.01933   0.93958  
 25  0.0000 778137.863806  x:  0.03548   0.02924   0.00959   0.01288   0.02396   0.02019   0.05052   0.06299   0.01992   0.04892   0.00565   0.00980   0.01042   0.01192   0.06505   0.00329   0.02235   0.01933   0.93958  
 26  0.0000 778137.863806  x:  0.03582   0.02924   0.00959   0.01288   0.02396   0.02019   0.05052   0.06299   0.01992   0.04892   0.00565   0.00980   0.01042   0.01192   0.06505   0.00295   0.02235   0.01933   0.93958  
 27  0.0001 778137.863806  x:  0.03590   0.02924   0.00959   0.01288   0.02396   0.02019   0.05052   0.06299   0.01992   0.04892   0.00565   0.00980   0.01042   0.01192   0.06505   0.00287   0.02235   0.01933   0.93958  
 28  0.0029 778137.863806  x:  0.03590   0.02924   0.00959   0.01288   0.02396   0.02019   0.05052   0.06299   0.01992   0.04892   0.00565   0.00980   0.01042   0.01192   0.06505   0.00287   0.02235   0.01933   0.93958  
 29  0.0170 778137.863806  x:  0.03591   0.02924   0.00959   0.01288   0.02396   0.02019   0.05052   0.06299   0.01992   0.04892   0.00565   0.00980   0.01042   0.01192   0.06505   0.00286   0.02235   0.01933   0.93957  
 30  0.0000 778137.863806  x:  0.03591   0.02924   0.00959   0.01288   0.02396   0.02019   0.05052   0.06299   0.01992   0.04892   0.00565   0.00980   0.01042   0.01192   0.06505   0.00286   0.02235   0.01933   0.93957  
 31  0.0001 778137.863806  x:  0.03591   0.02924   0.00959   0.01288   0.02396   0.02019   0.05052   0.06299   0.01992   0.04892   0.00565   0.00980   0.01042   0.01192   0.06505   0.00286   0.02235   0.01933   0.93957  
 32  0.0002 778137.863806  x:  0.03591   0.02924   0.00959   0.01288   0.02396   0.02019   0.05052   0.06299   0.01992   0.04892   0.00565   0.00980   0.01042   0.01192   0.06505   0.00286   0.02235   0.01933   0.93957  
check convergence!
