22205049
-2036501175
816989623
-1885228175
-880467741
-1271148607
146192217
1224322203
-1137611761
515030563
349130037
-1057992727
1572323197
-195732089
2064583685
-1536698927
1945687251
219661559
-1857127181
1441774417
-1752086523
-714845915
1876718037
1464041929
465950231
1088067405
-2042797679
-1868721365
1326438537
768773529
-523831585
1103681415
-1651969081
-163315865
-701625667
-2013879123
449135325
-1900894247
1734230359
-534138875
205163071
-703487985
-1746836021
-722515165
-372965239
-577687701
1783694365
-1938152179
-957403903
-1970499241
1529618297
-1057690253
-1776714885
1853986749
-1290127205
-304757503
-618692921
-244839245
-362719987
1810460171
1515982937
-1676353661
-1688510883
489489295
885523515
-1055424529
1926213007
-1094490783
524772501
-1666412585
