555134959
558173177
-1344800437
883292471
-1725024637
-1448264399
-205479543
-1067800617
-368289117
938010809
1526285747
432628951
2116280191
668377767
1251917559
1501377463
1924157213
946363275
-864666657
1384751077
1900089977
-1133107645
-1707791805
-1040995721
-623956395
-1010724499
-64397815
-150465613
726505761
-120769341
-1787825561
636506875
1486609339
-362284581
-96995647
1040662821
1357960263
36292317
1659052775
-584574467
1875838631
-552659015
742664989
61948123
499244815
1342941569
-1747560903
1019368313
-202626523
1065580333
779806963
1707770977
831891075
-1441743323
938847189
508190201
224173409
-1279487577
-903069235
1875600553
1511750569
1841364689
534813551
-2088577495
-1567068417
-1804108491
1636645357
-594070391
-1515193705
-1926976039
