

TREE #  1

  0  0.0000 833090.726155  x:  0.03903   0.02905   0.01304   0.01523   0.02674   0.02838   0.04523   0.05677   0.01753   0.06243   0.00361   0.01168   0.01040   0.01398   0.06654   0.03669   0.02915   0.02982   1.05283  
  1 99.0000 833086.840291  x:  0.03885   0.02874   0.01294   0.01519   0.02675   0.02833   0.04512   0.05663   0.01712   0.06229   0.00326   0.01161   0.01050   0.01404   0.06646   0.03651   0.02913   0.02979   1.05288  
  2 10274.3015 833083.265139  x:  0.03858   0.02830   0.01282   0.01514   0.02674   0.02825   0.04494   0.05641   0.01658   0.06207   0.00348   0.01155   0.01056   0.01414   0.06634   0.03623   0.02911   0.02973   1.05296  
  3 16965.9633 833082.325761  x:  0.03841   0.02817   0.01294   0.01515   0.02670   0.02819   0.04480   0.05622   0.01658   0.06189   0.00348   0.01162   0.01034   0.01400   0.06623   0.03607   0.02907   0.02968   1.05305  
  4 4607.7541 833081.763403  x:  0.03828   0.02815   0.01300   0.01515   0.02665   0.02815   0.04466   0.05600   0.01676   0.06169   0.00349   0.01159   0.01048   0.01395   0.06610   0.03594   0.02902   0.02963   1.05321  
  5 3682.6238 833081.580861  x:  0.03827   0.02819   0.01293   0.01514   0.02664   0.02815   0.04462   0.05590   0.01683   0.06158   0.00348   0.01156   0.01042   0.01404   0.06602   0.03592   0.02902   0.02962   1.05335  
  6 2051.2272 833081.371527  x:  0.03833   0.02827   0.01287   0.01514   0.02666   0.02818   0.04464   0.05582   0.01678   0.06143   0.00348   0.01164   0.01045   0.01399   0.06586   0.03599   0.02903   0.02965   1.05375  
  7 1445.6452 833081.110799  x:  0.03840   0.02831   0.01295   0.01515   0.02667   0.02819   0.04468   0.05580   0.01672   0.06130   0.00349   0.01152   0.01043   0.01397   0.06573   0.03605   0.02904   0.02966   1.05438  
  8 3324.3736 833079.729208  x:  0.03848   0.02818   0.01320   0.01506   0.02658   0.02807   0.04484   0.05596   0.01673   0.06114   0.00346   0.01167   0.01045   0.01420   0.06542   0.03613   0.02897   0.02958   1.05834  
  9 5160.4575 833071.990411  x:  0.03847   0.02745   0.01272   0.01497   0.02640   0.02779   0.04518   0.05667   0.01715   0.06096   0.00350   0.01153   0.01041   0.01384   0.06462   0.03613   0.02879   0.02933   1.08063  
 10 34041.9915 833050.390867  x:  0.03773   0.02777   0.01289   0.01591   0.02697   0.02855   0.04453   0.05693   0.01710   0.06120   0.00348   0.01161   0.01045   0.01414   0.06432   0.03538   0.02914   0.02969   1.14548  
 11 93537.0120 833037.754632  x:  0.03764   0.02838   0.01298   0.01479   0.02677   0.02841   0.04411   0.05627   0.01674   0.06142   0.00350   0.01157   0.01043   0.01396   0.06494   0.03529   0.02918   0.02980   1.18188  
 12 173674.5301 833033.762352  x:  0.03791   0.02837   0.01292   0.01518   0.02650   0.02800   0.04424   0.05554   0.01660   0.06139   0.00349   0.01157   0.01043   0.01399   0.06559   0.03557   0.02893   0.02957   1.19352  
 13 56350.1661 833033.365333  x:  0.03797   0.02818   0.01296   0.01513   0.02664   0.02814   0.04436   0.05539   0.01668   0.06129   0.00350   0.01158   0.01044   0.01399   0.06577   0.03563   0.02896   0.02957   1.19467  
 14 5968.9342 833033.348804  x:  0.03796   0.02818   0.01296   0.01513   0.02661   0.02814   0.04438   0.05541   0.01669   0.06124   0.00350   0.01158   0.01044   0.01399   0.06581   0.03562   0.02899   0.02960   1.19472  
 15 430.4861 833033.346180  x:  0.03796   0.02819   0.01296   0.01513   0.02662   0.02813   0.04438   0.05542   0.01669   0.06122   0.00350   0.01158   0.01044   0.01399   0.06583   0.03562   0.02898   0.02959   1.19473  
 16 166.4152 833033.346137  x:  0.03796   0.02819   0.01296   0.01513   0.02662   0.02813   0.04438   0.05542   0.01669   0.06122   0.00350   0.01158   0.01044   0.01399   0.06583   0.03562   0.02898   0.02959   1.19473  
 17 20.4474 833033.346135  x:  0.03796   0.02819   0.01296   0.01513   0.02662   0.02813   0.04438   0.05542   0.01669   0.06122   0.00350   0.01158   0.01044   0.01399   0.06583   0.03562   0.02898   0.02959   1.19473  
 18  3.0783 833033.346036  x:  0.03796   0.02819   0.01296   0.01513   0.02662   0.02813   0.04438   0.05542   0.01669   0.06122   0.00350   0.01158   0.01044   0.01399   0.06583   0.03562   0.02897   0.02960   1.19473  
 19  0.0448 833032.625919  x:  0.03526   0.02807   0.01293   0.01511   0.02658   0.02809   0.04452   0.05566   0.01678   0.06112   0.00350   0.01157   0.01043   0.01397   0.06551   0.03844   0.02896   0.02953   1.20966  
 20 10.5507 833032.618876  x:  0.05029   0.02807   0.01294   0.01512   0.02660   0.02808   0.04450   0.05565   0.01678   0.06113   0.00350   0.01157   0.01043   0.01398   0.06551   0.02338   0.02896   0.02956   1.21046  
 21  0.0394 833032.614899  x:  0.03643   0.02808   0.01294   0.01512   0.02659   0.02810   0.04450   0.05565   0.01678   0.06113   0.00350   0.01157   0.01043   0.01398   0.06551   0.03722   0.02894   0.02956   1.21102  
 22  0.1268 833032.614071  x:  0.03699   0.02808   0.01294   0.01512   0.02659   0.02810   0.04449   0.05564   0.01677   0.06113   0.00350   0.01157   0.01043   0.01398   0.06551   0.03666   0.02895   0.02955   1.21126  
 23  0.0014 833032.614059  x:  0.03718   0.02808   0.01294   0.01512   0.02659   0.02810   0.04449   0.05564   0.01677   0.06113   0.00350   0.01157   0.01043   0.01398   0.06552   0.03647   0.02895   0.02955   1.21128  
 24  0.0003 833032.614045  x:  0.03718   0.02808   0.01294   0.01512   0.02659   0.02810   0.04449   0.05564   0.01677   0.06113   0.00350   0.01157   0.01043   0.01398   0.06551   0.03646   0.02895   0.02955   1.21128  