

TREE #  1

  0  0.0000 902912.711197  x:  0.03660   0.04409   0.02257   0.02213   0.01849   0.04545   0.03221   0.05741   0.01132   0.07943   0.00346   0.00841   0.00960   0.01981   0.10327   0.04919   0.02218   0.06316   0.92999  
  1 99.0000 902648.740242  x:  0.03486   0.04143   0.02043   0.01974   0.02090   0.04456   0.03319   0.05742   0.00706   0.07849   0.00566   0.00911   0.00966   0.01962   0.10262   0.04744   0.02434   0.06247   0.93115  
  2 66975.6658 902562.283596  x:  0.03383   0.03999   0.01959   0.01879   0.02149   0.04401   0.03361   0.05741   0.00581   0.07794   0.00381   0.00873   0.00955   0.01925   0.10221   0.04641   0.02519   0.06192   0.93202  
  3 71197.7803 902488.257752  x:  0.03148   0.03719   0.01912   0.01827   0.02068   0.04259   0.03396   0.05720   0.00773   0.07666   0.00410   0.00786   0.00931   0.01904   0.10112   0.04406   0.02577   0.06013   0.93484  
  4 31421.1264 902463.981877  x:  0.03072   0.03636   0.01939   0.01859   0.02031   0.04213   0.03379   0.05700   0.00796   0.07591   0.00392   0.00904   0.00950   0.01901   0.10040   0.04330   0.02560   0.05925   0.93666  
  5 35867.5476 902415.679198  x:  0.03008   0.03586   0.02053   0.01977   0.02007   0.04171   0.03277   0.05628   0.00681   0.07381   0.00408   0.00833   0.00941   0.01909   0.09820   0.04266   0.02456   0.05727   0.94262  
  6 30183.3296 902297.390966  x:  0.03094   0.03724   0.01940   0.01780   0.02098   0.04177   0.03102   0.05427   0.00793   0.06944   0.00402   0.00854   0.00877   0.01844   0.09267   0.04352   0.02408   0.05436   0.96169  
  7 43530.9405 902194.906277  x:  0.03147   0.03782   0.01853   0.01810   0.02000   0.04182   0.03224   0.05357   0.00812   0.06770   0.00401   0.00813   0.01146   0.01867   0.08925   0.04405   0.02521   0.05466   0.98226  
  8 78965.1346 901886.728665  x:  0.03196   0.03813   0.01822   0.02017   0.01790   0.04193   0.03638   0.05347   0.00795   0.06620   0.00406   0.00857   0.00844   0.01944   0.08310   0.04454   0.02783   0.05792   1.04184  
  9 225005.0225 900898.503777  x:  0.02930   0.03543   0.02453   0.01883   0.02619   0.04197   0.03731   0.05771   0.01053   0.07149   0.00393   0.00840   0.00978   0.01742   0.07814   0.04188   0.02398   0.06699   1.25812  
 10 325035.3637 899640.128374  x:  0.02816   0.03319   0.01908   0.01523   0.01921   0.04178   0.02841   0.05999   0.00718   0.07853   0.00400   0.00848   0.00980   0.02144   0.08804   0.04074   0.02023   0.06695   1.50939  
 11 621390.8788 898951.009621  x:  0.02907   0.03442   0.01665   0.02072   0.02120   0.04123   0.02790   0.05813   0.00732   0.08047   0.00433   0.00851   0.00967   0.01703   0.10124   0.04165   0.02541   0.05852   1.65496  
 12 558261.2773 898747.112070  x:  0.02959   0.03569   0.01991   0.01847   0.02116   0.04129   0.03186   0.05664   0.00709   0.07951   0.00418   0.00857   0.00970   0.01899   0.10708   0.04217   0.02635   0.05416   1.69870  
 13 268798.5326 898730.903843  x:  0.02947   0.03559   0.01944   0.01847   0.02109   0.04177   0.03278   0.05621   0.00708   0.07783   0.00427   0.00858   0.00968   0.01841   0.10839   0.04205   0.02509   0.05482   1.70196  
 14 17351.4832 898725.971740  x:  0.02942   0.03549   0.01957   0.01857   0.02133   0.04179   0.03243   0.05612   0.00725   0.07658   0.00422   0.00858   0.00968   0.01882   0.10913   0.04200   0.02537   0.05556   1.70299  
 15 8642.5190 898725.608400  x:  0.02944   0.03550   0.01968   0.01849   0.02123   0.04173   0.03237   0.05620   0.00722   0.07644   0.00424   0.00858   0.00969   0.01866   0.10919   0.04202   0.02545   0.05565   1.70306  
 16 2651.7111 898725.572504  x:  0.02945   0.03552   0.01966   0.01850   0.02124   0.04166   0.03238   0.05631   0.00722   0.07640   0.00424   0.00858   0.00969   0.01867   0.10920   0.04203   0.02543   0.05563   1.70307  
 17 537.5984 898725.570978  x:  0.02945   0.03552   0.01966   0.01850   0.02124   0.04168   0.03238   0.05633   0.00722   0.07640   0.00424   0.00858   0.00969   0.01867   0.10920   0.04203   0.02544   0.05562   1.70307  
 18 101.4912 898725.212962  x:  0.02964   0.03523   0.01969   0.01850   0.02124   0.04167   0.03239   0.05632   0.00724   0.07639   0.00424   0.00858   0.00969   0.01867   0.10919   0.04221   0.02541   0.05560   1.70329  
 19  0.5420 897465.372619  x:  0.05564   0.04006   0.01830   0.01973   0.01622   0.04306   0.03167   0.05299   0.00855   0.06826   0.00338   0.00823   0.00887   0.01974   0.08810   0.02220   0.02423   0.05713   2.55744  
 20 1034.6528 896909.287322  x:  0.01575   0.03605   0.02015   0.01859   0.02383   0.04137   0.03366   0.05505   0.00880   0.07024   0.00509   0.00868   0.00927   0.01845   0.09174   0.05520   0.02566   0.05692   3.15491  
 21  0.3524 896517.012478  x:  0.00685   0.03451   0.02011   0.01841   0.01918   0.04111   0.03270   0.05479   0.00832   0.07211   0.00294   0.00812   0.00992   0.01853   0.09698   0.06209   0.02457   0.05607   4.19183  
 22  0.3688 896424.201516  x:  0.00000   0.03500   0.01993   0.01847   0.01906   0.04134   0.03253   0.05473   0.00834   0.07196   0.00345   0.00824   0.00983   0.01862   0.09591   0.06980   0.02455   0.05634   4.41839  
 23  0.6223 896424.201516  x:  0.00000   0.03500   0.01993   0.01847   0.01906   0.04134   0.03253   0.05473   0.00834   0.07196   0.00345   0.00824   0.00983   0.01862   0.09591   0.06980   0.02455   0.05634   4.41839  
 24 204658.4773 896407.685192  x:  0.00013   0.03516   0.01985   0.01854   0.01937   0.04138   0.03253   0.05471   0.00840   0.07188   0.00430   0.00839   0.00956   0.01868   0.09575   0.06993   0.02463   0.05638   4.41840  
 25 34581.0931 896396.882456  x:  0.00052   0.03568   0.01962   0.01873   0.02022   0.04152   0.03253   0.05467   0.00856   0.07159   0.00408   0.00860   0.00905   0.01871   0.09516   0.07032   0.02488   0.05650   4.41842  
 26 16973.2734 896392.229584  x:  0.00084   0.03611   0.01950   0.01878   0.02051   0.04164   0.03253   0.05464   0.00856   0.07129   0.00411   0.00839   0.00949   0.01874   0.09450   0.07064   0.02502   0.05661   4.41845  
 27 12561.6484 896389.134897  x:  0.00104   0.03642   0.01955   0.01864   0.02005   0.04171   0.03254   0.05462   0.00844   0.07086   0.00411   0.00851   0.00940   0.01872   0.09351   0.07084   0.02497   0.05674   4.41851  
 28 7259.8695 896388.490522  x:  0.00096   0.03633   0.01959   0.01868   0.02004   0.04169   0.03254   0.05461   0.00857   0.07075   0.00412   0.00835   0.00933   0.01871   0.09313   0.07076   0.02489   0.05675   4.41855  
 29 3767.4124 896388.061595  x:  0.00085   0.03620   0.01960   0.01871   0.02010   0.04165   0.03253   0.05461   0.00864   0.07067   0.00411   0.00846   0.00939   0.01870   0.09281   0.07065   0.02483   0.05675   4.41859  
 30 4786.8592 896388.002635  x:  0.00082   0.03615   0.01958   0.01869   0.02013   0.04164   0.03252   0.05461   0.00857   0.07067   0.00411   0.00845   0.00938   0.01871   0.09275   0.07062   0.02486   0.05673   4.41862  
 31 1183.5673 896387.983775  x:  0.00083   0.03614   0.01957   0.01867   0.02012   0.04163   0.03252   0.05460   0.00859   0.07071   0.00411   0.00845   0.00938   0.01871   0.09272   0.07063   0.02492   0.05670   4.41868  
 32 446.9130 896387.949913  x:  0.00084   0.03614   0.01960   0.01871   0.02011   0.04162   0.03252   0.05460   0.00858   0.07080   0.00411   0.00845   0.00938   0.01871   0.09268   0.07064   0.02491   0.05663   4.41891  
 33 458.7727 896387.875152  x:  0.00085   0.03617   0.01955   0.01864   0.02013   0.04164   0.03252   0.05459   0.00858   0.07090   0.00411   0.00845   0.00938   0.01872   0.09264   0.07065   0.02483   0.05660   4.41956  
 34 1123.5085 896386.072886  x:  0.00066   0.03634   0.01937   0.01881   0.02006   0.04191   0.03257   0.05465   0.00855   0.07148   0.00412   0.00845   0.00938   0.01861   0.09247   0.07046   0.02490   0.05719   4.43614  
 35 3715.1766 896379.647578  x:  0.00071   0.03629   0.02014   0.01846   0.02025   0.04183   0.03252   0.05478   0.00855   0.07204   0.00408   0.00845   0.00939   0.01914   0.09228   0.07048   0.02502   0.05804   4.49561  
 36 70981.2717 896319.174275  x:  0.00226   0.03455   0.01991   0.01839   0.02035   0.03983   0.03219   0.05492   0.00855   0.07241   0.00419   0.00845   0.00939   0.01754   0.09196   0.07182   0.02427   0.05937   5.05667  
 37 352617.3871 896198.450082  x:  0.00214   0.03444   0.01784   0.01991   0.01942   0.04005   0.03251   0.05449   0.00886   0.07062   0.00401   0.00846   0.00936   0.02079   0.09189   0.07123   0.02412   0.05743   6.27451  
 38 2225532.5941 896081.064709  x:  0.00026   0.03655   0.01921   0.01879   0.01993   0.04249   0.03284   0.05401   0.00888   0.06827   0.00414   0.00844   0.00936   0.01901   0.09200   0.06893   0.02522   0.05410   7.35824  
 39 4193760.0488 896080.866390  x:  0.00024   0.03660   0.01920   0.01881   0.01992   0.04246   0.03259   0.05402   0.00888   0.06827   0.00414   0.00844   0.00936   0.01901   0.09200   0.06891   0.02521   0.05410   7.36005  
 40 10569.5886 896080.865785  x:  0.00023   0.03661   0.01920   0.01881   0.01992   0.04245   0.03259   0.05402   0.00888   0.06827   0.00414   0.00844   0.00936   0.01901   0.09200   0.06891   0.02521   0.05410   7.36006  
 41 77.3439 896080.865703  x:  0.00023   0.03661   0.01920   0.01881   0.01992   0.04245   0.03259   0.05403   0.00888   0.06827   0.00414   0.00844   0.00936   0.01901   0.09200   0.06891   0.02521   0.05410   7.36006  
 42  4.7333 895994.176811  x:  0.07070   0.03621   0.02001   0.01838   0.02024   0.04168   0.03236   0.05441   0.00871   0.07061   0.00412   0.00845   0.00938   0.01834   0.09189   0.00000   0.02498   0.05695   8.97415  
 43  4.4283 895927.212816  x:  0.00000   0.03536   0.01969   0.01855   0.02010   0.04095   0.03230   0.05421   0.00880   0.07032   0.00412   0.00843   0.00936   0.01844   0.09134   0.07098   0.02475   0.05674  12.06170  
 44  1.5733 895926.637398  x:  0.00000   0.03535   0.01969   0.01855   0.02010   0.04094   0.03230   0.05420   0.00880   0.07032   0.00412   0.00843   0.00936   0.01844   0.09133   0.07031   0.02475   0.05673  12.09788  
 45 9072.9225 895872.817063  x:  0.00000   0.03462   0.01872   0.01899   0.01973   0.04050   0.03229   0.05375   0.00904   0.06880   0.00413   0.00842   0.00935   0.01891   0.09065   0.07063   0.02458   0.05528  22.68933  
 46  4.8909 895855.373160  x:  0.00000   0.03606   0.01953   0.01862   0.02006   0.04166   0.03238   0.05413   0.00887   0.06963   0.00415   0.00845   0.00938   0.01864   0.09154   0.07022   0.02497   0.05598  25.00907  
 47  1.7186 895855.369219  x:  0.00006   0.03607   0.01953   0.01862   0.02006   0.04166   0.03238   0.05413   0.00887   0.06963   0.00415   0.00845   0.00938   0.01864   0.09155   0.07022   0.02497   0.05598  25.01228  
 48 7896.6630 895846.268738  x:  0.00037   0.03530   0.01987   0.01834   0.02013   0.04089   0.03220   0.05399   0.00889   0.06984   0.00414   0.00840   0.00932   0.01838   0.09051   0.06987   0.02476   0.05648  34.08454  
 49  1.9629 895838.333538  x:  0.00074   0.03585   0.01933   0.01877   0.02001   0.04151   0.03237   0.05409   0.00891   0.06956   0.00414   0.00846   0.00940   0.01868   0.09162   0.06941   0.02493   0.05593  43.71184  
 50  3.6310 895833.560369  x:  0.00151   0.03560   0.01966   0.01839   0.02004   0.04122   0.03225   0.05390   0.00894   0.06929   0.00415   0.00841   0.00932   0.01852   0.09045   0.06860   0.02484   0.05590  61.66346  
 51  5.1129 895830.685473  x:  0.00239   0.03566   0.01946   0.01872   0.02005   0.04132   0.03234   0.05406   0.00892   0.06968   0.00415   0.00845   0.00939   0.01863   0.09147   0.06773   0.02490   0.05606  80.45938  
 52  7.2310 895828.731923  x:  0.00388   0.03574   0.01951   0.01848   0.02000   0.04135   0.03227   0.05393   0.00895   0.06925   0.00415   0.00842   0.00934   0.01852   0.09065   0.06617   0.02486   0.05589  114.21725  
 53  9.8031 895827.545104  x:  0.00570   0.03557   0.01955   0.01865   0.02007   0.04124   0.03232   0.05401   0.00893   0.06960   0.00415   0.00844   0.00937   0.01864   0.09123   0.06439   0.02489   0.05600  153.16979  
 54 14.0049 895826.729071  x:  0.00862   0.03575   0.01944   0.01855   0.02000   0.04137   0.03228   0.05396   0.00895   0.06932   0.00415   0.00843   0.00936   0.01851   0.09085   0.06141   0.02487   0.05593  217.83513  
 55 19.6801 895826.203690  x:  0.01249   0.03557   0.01958   0.01859   0.02005   0.04124   0.03230   0.05397   0.00894   0.06950   0.00415   0.00843   0.00936   0.01864   0.09103   0.05757   0.02488   0.05595  301.47208  
 56 28.4583 895825.840019  x:  0.01869   0.03571   0.01944   0.01858   0.02001   0.04135   0.03229   0.05398   0.00895   0.06939   0.00416   0.00844   0.00937   0.01851   0.09098   0.05134   0.02488   0.05595  436.85733  
 57 40.6511 895825.609889  x:  0.02645   0.03561   0.01956   0.01858   0.02004   0.04126   0.03229   0.05396   0.00895   0.06944   0.00415   0.00843   0.00936   0.01863   0.09093   0.04359   0.02488   0.05594  605.48556  
 58 57.6898 895825.444141  x:  0.03886   0.03567   0.01947   0.01859   0.02003   0.04132   0.03229   0.05398   0.00894   0.06942   0.00416   0.00844   0.00937   0.01853   0.09102   0.03118   0.02488   0.05595  875.40617  
 59 81.2590 895825.381080  x:  0.04454   0.03566   0.01949   0.01858   0.02003   0.04130   0.03229   0.05397   0.00895   0.06942   0.00415   0.00843   0.00936   0.01856   0.09098   0.02550   0.02488   0.05594  999.00000  
 60 123.5661 895825.376641  x:  0.04833   0.03565   0.01951   0.01858   0.02003   0.04129   0.03229   0.05397   0.00895   0.06942   0.00415   0.00843   0.00936   0.01858   0.09096   0.02171   0.02488   0.05594  999.00000  