1926520097
-805457933
-1713955443
288287539
2050853387
-1404226741
619844391
1889337395
-936131119
-547441217
808476143
-1208596911
995990145
-803644391
-1640347957
-1485406961
-1517975459
1932193693
-633349297
-937590549
-1403459145
-842236121
1916766835
1721528855
777052989
-106671673
557813441
-1766580179
1612643937
-317014109
-634156773
-345569663
-1776300657
1561547517
-290547621
766446863
1627183823
-360261265
-505008103
1369294087
-49769101
-391402349
-1762904231
-759872121
-216748811
-187003155
-704094455
-420386011
-387488195
1249793843
1035740929
-1581697363
1027287539
-445535899
1096379335
-360237169
-1994512507
1717437785
473930939
587315129
-1951658601
1123281515
-948173689
302126933
1626844917
-1148414211
-1900503091
-440763201
1288301335
-1318265559
