

TREE #  1

  0  0.0000 823806.120820  x:  0.03911   0.02251   0.01381   0.01380   0.02273   0.02849   0.03820   0.04634   0.01352   0.06302   0.00292   0.01199   0.01439   0.02677   0.07903   0.03785   0.03395   0.01462   0.94210  
  1 99.0000 823805.192497  x:  0.03906   0.02229   0.01353   0.01366   0.02264   0.02852   0.03817   0.04640   0.01336   0.06303   0.00293   0.01205   0.01436   0.02675   0.07901   0.03781   0.03396   0.01463   0.94217  
  2 4173.8641 823805.086096  x:  0.03903   0.02222   0.01355   0.01369   0.02260   0.02852   0.03815   0.04644   0.01333   0.06304   0.00289   0.01200   0.01435   0.02673   0.07899   0.03777   0.03395   0.01462   0.94226  
  3 1508.3218 823805.000358  x:  0.03899   0.02216   0.01359   0.01372   0.02258   0.02852   0.03812   0.04648   0.01332   0.06305   0.00294   0.01198   0.01435   0.02672   0.07897   0.03773   0.03393   0.01461   0.94236  
  4 2736.5778 823804.792807  x:  0.03890   0.02213   0.01363   0.01370   0.02258   0.02850   0.03806   0.04656   0.01338   0.06308   0.00292   0.01209   0.01436   0.02668   0.07888   0.03764   0.03389   0.01462   0.94283  
  5 1789.5684 823804.079153  x:  0.03874   0.02223   0.01353   0.01360   0.02266   0.02846   0.03796   0.04667   0.01353   0.06315   0.00292   0.01194   0.01433   0.02669   0.07860   0.03748   0.03383   0.01469   0.94473  
  6 4568.8787 823800.389913  x:  0.03862   0.02257   0.01333   0.01397   0.02269   0.02844   0.03799   0.04660   0.01318   0.06316   0.00291   0.01205   0.01437   0.02683   0.07750   0.03736   0.03376   0.01461   0.95509  
  7 13292.1930 823792.816315  x:  0.03885   0.02241   0.01381   0.01337   0.02235   0.02848   0.03820   0.04618   0.01307   0.06300   0.00293   0.01197   0.01427   0.02673   0.07635   0.03760   0.03388   0.01458   0.97663  
  8 52758.9872 823782.062816  x:  0.03914   0.02162   0.01347   0.01379   0.02252   0.02849   0.03818   0.04575   0.01394   0.06264   0.00297   0.01199   0.01440   0.02637   0.07651   0.03788   0.03396   0.01461   1.00776  
  9 83485.4319 823770.168917  x:  0.03880   0.02195   0.01360   0.01368   0.02281   0.02836   0.03778   0.04622   0.01341   0.06221   0.00297   0.01203   0.01413   0.02672   0.07847   0.03755   0.03374   0.01455   1.04231  
 10 81017.9300 823769.200093  x:  0.03873   0.02209   0.01358   0.01366   0.02262   0.02841   0.03785   0.04630   0.01338   0.06228   0.00297   0.01200   0.01442   0.02668   0.07869   0.03748   0.03376   0.01465   1.04510  
 11 25875.1866 823768.991082  x:  0.03870   0.02215   0.01356   0.01370   0.02252   0.02846   0.03797   0.04633   0.01341   0.06242   0.00297   0.01201   0.01433   0.02662   0.07876   0.03745   0.03380   0.01467   1.04571  
 12 4492.6325 823768.928397  x:  0.03870   0.02213   0.01357   0.01368   0.02259   0.02847   0.03804   0.04634   0.01339   0.06256   0.00297   0.01201   0.01435   0.02663   0.07878   0.03745   0.03382   0.01463   1.04589  
 13 1200.2717 823768.917886  x:  0.03871   0.02213   0.01358   0.01369   0.02259   0.02846   0.03802   0.04634   0.01339   0.06261   0.00297   0.01202   0.01435   0.02665   0.07878   0.03746   0.03382   0.01466   1.04592  
 14 427.4045 823768.916335  x:  0.03872   0.02213   0.01357   0.01369   0.02258   0.02846   0.03801   0.04634   0.01339   0.06263   0.00297   0.01201   0.01435   0.02665   0.07878   0.03746   0.03382   0.01465   1.04592  
 15 167.5908 823768.916263  x:  0.03872   0.02213   0.01357   0.01369   0.02258   0.02846   0.03801   0.04634   0.01339   0.06263   0.00297   0.01201   0.01435   0.02664   0.07878   0.03747   0.03382   0.01465   1.04592  
 16 30.9839 823768.916262  x:  0.03872   0.02213   0.01357   0.01369   0.02258   0.02846   0.03801   0.04634   0.01339   0.06263   0.00297   0.01201   0.01435   0.02664   0.07878   0.03746   0.03382   0.01465   1.04592  
 17  0.5948 823768.916262  x:  0.03872   0.02213   0.01357   0.01369   0.02258   0.02846   0.03801   0.04634   0.01339   0.06263   0.00297   0.01201   0.01435   0.02664   0.07878   0.03746   0.03382   0.01465   1.04592  
 18 18.3976 823768.916231  x:  0.03872   0.02213   0.01357   0.01369   0.02258   0.02846   0.03801   0.04634   0.01339   0.06263   0.00297   0.01201   0.01435   0.02664   0.07878   0.03746   0.03382   0.01465   1.04592  
 19  0.1057 823768.602275  x:  0.04197   0.02215   0.01357   0.01369   0.02258   0.02850   0.03802   0.04642   0.01340   0.06259   0.00297   0.01201   0.01435   0.02667   0.07839   0.03425   0.03384   0.01465   1.05358  
 20  4.4017 823768.554402  x:  0.02400   0.02216   0.01358   0.01369   0.02257   0.02849   0.03801   0.04629   0.01340   0.06261   0.00298   0.01201   0.01435   0.02667   0.07835   0.05211   0.03382   0.01465   1.05488  
 21  0.3022 823768.548396  x:  0.03894   0.02216   0.01358   0.01369   0.02258   0.02846   0.03801   0.04629   0.01339   0.06261   0.00298   0.01201   0.01435   0.02664   0.07835   0.03718   0.03381   0.01465   1.05507  
 22  0.3763 823768.546947  x:  0.03847   0.02215   0.01358   0.01369   0.02257   0.02846   0.03801   0.04629   0.01339   0.06261   0.00298   0.01202   0.01435   0.02664   0.07837   0.03767   0.03381   0.01465   1.05551  
 23  0.0008 823768.546613  x:  0.03519   0.02216   0.01358   0.01369   0.02258   0.02846   0.03801   0.04629   0.01339   0.06261   0.00298   0.01201   0.01435   0.02664   0.07837   0.04094   0.03381   0.01465   1.05561  
 24  0.0006 823768.544947  x:  0.00000   0.02216   0.01357   0.01369   0.02258   0.02845   0.03801   0.04629   0.01339   0.06260   0.00297   0.01201   0.01434   0.02664   0.07837   0.07611   0.03380   0.01465   1.05596  
 25  0.0120 823768.544947  x:  0.00000   0.02216   0.01357   0.01369   0.02258   0.02845   0.03801   0.04629   0.01339   0.06260   0.00297   0.01201   0.01434   0.02664   0.07837   0.07611   0.03380   0.01465   1.05596  
 26  0.0232 823768.543499  x:  0.00000   0.02216   0.01357   0.01369   0.02257   0.02845   0.03801   0.04629   0.01339   0.06260   0.00297   0.01201   0.01434   0.02664   0.07836   0.07611   0.03380   0.01465   1.05596  
 27 217.8460 823768.542795  x:  0.00001   0.02215   0.01357   0.01368   0.02257   0.02845   0.03801   0.04629   0.01339   0.06260   0.00297   0.01201   0.01434   0.02664   0.07836   0.07612   0.03380   0.01465   1.05596  
 28 205.9558 823768.542647  x:  0.00001   0.02215   0.01357   0.01368   0.02257   0.02845   0.03801   0.04629   0.01338   0.06260   0.00297   0.01201   0.01434   0.02664   0.07836   0.07612   0.03380   0.01465   1.05596  
 29 52.9309 823768.542605  x:  0.00001   0.02215   0.01357   0.01368   0.02257   0.02845   0.03801   0.04628   0.01339   0.06260   0.00297   0.01201   0.01434   0.02664   0.07836   0.07612   0.03380   0.01465   1.05596  
 30 24.6360 823768.542596  x:  0.00001   0.02215   0.01357   0.01368   0.02257   0.02845   0.03801   0.04628   0.01339   0.06260   0.00297   0.01201   0.01434   0.02664   0.07836   0.07612   0.03380   0.01465   1.05596  
 31 14.6559 823768.542595  x:  0.00001   0.02215   0.01357   0.01368   0.02257   0.02845   0.03801   0.04628   0.01339   0.06260   0.00297   0.01201   0.01434   0.02664   0.07836   0.07611   0.03380   0.01465   1.05596  
 32 10.5392 823768.542589  x:  0.00001   0.02215   0.01357   0.01368   0.02257   0.02845   0.03801   0.04628   0.01339   0.06260   0.00297   0.01201   0.01434   0.02664   0.07836   0.07611   0.03380   0.01465   1.05596  
 33  5.7301 823768.542589  x:  0.00001   0.02215   0.01357   0.01368   0.02257   0.02845   0.03801   0.04628   0.01339   0.06260   0.00297   0.01201   0.01434   0.02664   0.07835   0.07611   0.03380   0.01465   1.05596  
 34  4.8087 823768.542584  x:  0.00001   0.02215   0.01357   0.01368   0.02257   0.02845   0.03801   0.04628   0.01339   0.06260   0.00297   0.01201   0.01434   0.02664   0.07835   0.07611   0.03380   0.01465   1.05595  
 35  5.8812 823768.542496  x:  0.00001   0.02215   0.01357   0.01368   0.02257   0.02845   0.03801   0.04628   0.01339   0.06260   0.00297   0.01201   0.01434   0.02664   0.07836   0.07611   0.03380   0.01465   1.05587  
 36 50.9032 823768.542276  x:  0.00002   0.02215   0.01357   0.01368   0.02257   0.02845   0.03801   0.04628   0.01339   0.06260   0.00297   0.01201   0.01434   0.02664   0.07836   0.07611   0.03380   0.01465   1.05566  
 37 323.1526 823768.542174  x:  0.00002   0.02215   0.01357   0.01368   0.02257   0.02845   0.03801   0.04628   0.01339   0.06260   0.00297   0.01201   0.01434   0.02664   0.07836   0.07610   0.03380   0.01465   1.05555  
 38 443.9623 823768.542157  x:  0.00002   0.02215   0.01357   0.01368   0.02257   0.02845   0.03801   0.04628   0.01339   0.06260   0.00297   0.01201   0.01434   0.02664   0.07836   0.07610   0.03380   0.01465   1.05554  
 39 73.4169 823768.542151  x:  0.00002   0.02215   0.01357   0.01368   0.02257   0.02845   0.03801   0.04628   0.01339   0.06260   0.00297   0.01201   0.01434   0.02664   0.07836   0.07610   0.03380   0.01465   1.05553  
 40 14.8642 823768.542149  x:  0.00002   0.02215   0.01357   0.01368   0.02257   0.02845   0.03801   0.04628   0.01339   0.06260   0.00297   0.01201   0.01434   0.02664   0.07836   0.07610   0.03380   0.01465   1.05553  
 41  3.9441 823768.542148  x:  0.00002   0.02215   0.01357   0.01368   0.02257   0.02845   0.03801   0.04628   0.01339   0.06260   0.00297   0.01201   0.01434   0.02664   0.07836   0.07610   0.03380   0.01465   1.05553  
 42  0.6403 823768.542148  x:  0.00002   0.02215   0.01357   0.01368   0.02257   0.02845   0.03801   0.04628   0.01339   0.06260   0.00297   0.01201   0.01434   0.02664   0.07836   0.07610   0.03380   0.01465   1.05553  
 43  4.6541 823768.542146  x:  0.00002   0.02215   0.01357   0.01368   0.02257   0.02845   0.03801   0.04628   0.01339   0.06260   0.00297   0.01201   0.01434   0.02664   0.07836   0.07610   0.03380   0.01465   1.05553  
 44  0.0535 823768.542145  x:  0.00002   0.02215   0.01357   0.01368   0.02257   0.02845   0.03801   0.04628   0.01339   0.06260   0.00297   0.01201   0.01434   0.02664   0.07836   0.07610   0.03380   0.01465   1.05553  