1198662325
1370733781
-232406681
-550739743
1406905853
-2031283761
-1355032861
-762749797
1624229393
-1934447
238939051
983153761
1221035101
-1400917307
-1739487299
696731173
-1683507923
-1624801281
1760446717
-1613465565
707848075
-1560173203
-1218541957
-1358559931
21242655
-1068140679
-1005068401
1889174547
768301621
-1338141437
515255437
-424622425
203394601
609174951
-939458621
1355687245
503611007
-68378257
-1207128011
1568482443
-1921288767
946811645
-1781691453
1777910019
-1898547839
624258489
-1100732663
1352728261
1875904823
1940981513
36908477
-1998400257
39947959
696320851
-1779142749
-2053638539
-254610205
-36173161
1649053053
885605305
-1561692223
1175899075
430223465
23601739
42445877
-244825489
607575563
-1309987405
678801235
1325893423
