

TREE #  1

  0  0.0000 831093.580832  x:  0.04942   0.02565   0.01558   0.00946   0.02640   0.04279   0.03505   0.04955   0.01815   0.08287   0.00265   0.01370   0.00815   0.01894   0.05717   0.02503   0.02878   0.02734   1.06956  
  1 99.0000 830956.842732  x:  0.04817   0.02371   0.01368   0.00742   0.02704   0.04215   0.03516   0.04939   0.01532   0.08183   0.00269   0.01310   0.00948   0.01891   0.05715   0.02378   0.02869   0.02738   1.07008  
  2 50576.0944 830915.705181  x:  0.04719   0.02267   0.01333   0.00823   0.02736   0.04163   0.03519   0.04922   0.01387   0.08084   0.00245   0.01303   0.00847   0.01877   0.05715   0.02281   0.02854   0.02731   1.07064  
  3 37790.1584 830907.015382  x:  0.04675   0.02252   0.01360   0.00834   0.02732   0.04133   0.03513   0.04908   0.01383   0.08020   0.00300   0.01311   0.00849   0.01873   0.05716   0.02236   0.02843   0.02723   1.07106  
  4 21101.2617 830889.741397  x:  0.04575   0.02245   0.01431   0.00825   0.02711   0.04062   0.03492   0.04871   0.01421   0.07849   0.00265   0.01328   0.00881   0.01851   0.05718   0.02136   0.02816   0.02702   1.07230  
  5 33358.2122 830880.062190  x:  0.04555   0.02269   0.01386   0.00791   0.02689   0.04035   0.03474   0.04841   0.01470   0.07714   0.00270   0.01298   0.00834   0.01854   0.05709   0.02117   0.02810   0.02697   1.07370  
  6 16192.2032 830870.358227  x:  0.04580   0.02291   0.01328   0.00842   0.02676   0.04035   0.03459   0.04813   0.01480   0.07561   0.00271   0.01291   0.00874   0.01859   0.05683   0.02141   0.02814   0.02697   1.07593  
  7 19147.7742 830852.930559  x:  0.04666   0.02289   0.01381   0.00807   0.02683   0.04076   0.03455   0.04797   0.01418   0.07353   0.00272   0.01345   0.00855   0.01852   0.05623   0.02227   0.02826   0.02703   1.08132  
  8 22427.9480 830815.100317  x:  0.04703   0.02209   0.01468   0.00815   0.02734   0.04137   0.03496   0.04840   0.01437   0.07261   0.00275   0.01174   0.00867   0.01831   0.05574   0.02265   0.02815   0.02692   1.09518  
  9 28737.5880 830494.325471  x:  0.04637   0.01788   0.01331   0.00808   0.02951   0.04393   0.03743   0.05190   0.01819   0.07153   0.00283   0.01394   0.00853   0.01804   0.05382   0.02198   0.02703   0.02612   1.22168  
 10 160481.2214 829432.114775  x:  0.04197   0.02809   0.01326   0.00813   0.02680   0.04298   0.03718   0.05606   0.01269   0.07460   0.00271   0.01329   0.00874   0.02041   0.05229   0.01759   0.02862   0.02798   1.67980  
 11 654725.3761 828961.027217  x:  0.04420   0.02557   0.01330   0.00824   0.02474   0.03705   0.03207   0.04878   0.01197   0.07785   0.00297   0.01299   0.00868   0.01663   0.05693   0.01982   0.02887   0.02751   1.85867  
 12 613062.5635 828910.508273  x:  0.04441   0.02507   0.01367   0.00823   0.02538   0.03682   0.03214   0.04618   0.01203   0.07825   0.00277   0.01298   0.00870   0.01907   0.05801   0.02002   0.02866   0.02730   1.87905  
 13 161093.1049 828903.521074  x:  0.04425   0.02536   0.01363   0.00820   0.02564   0.03748   0.03281   0.04512   0.01198   0.07830   0.00281   0.01301   0.00870   0.01863   0.05842   0.01987   0.02861   0.02735   1.88179  
 14 18984.7166 828903.421518  x:  0.04424   0.02532   0.01363   0.00821   0.02553   0.03758   0.03280   0.04513   0.01197   0.07828   0.00280   0.01300   0.00870   0.01865   0.05851   0.01985   0.02862   0.02737   1.88183  
 15 1110.4576 828903.406830  x:  0.04424   0.02533   0.01363   0.00821   0.02556   0.03759   0.03278   0.04516   0.01197   0.07827   0.00280   0.01301   0.00870   0.01865   0.05858   0.01986   0.02863   0.02737   1.88183  
 16 354.6883 828903.405888  x:  0.04424   0.02533   0.01363   0.00821   0.02556   0.03759   0.03279   0.04517   0.01197   0.07826   0.00280   0.01301   0.00870   0.01865   0.05859   0.01986   0.02862   0.02737   1.88183  
 17 100.0465 828903.404357  x:  0.04424   0.02533   0.01363   0.00821   0.02556   0.03758   0.03280   0.04517   0.01197   0.07826   0.00280   0.01301   0.00870   0.01865   0.05859   0.01986   0.02863   0.02739   1.88183  
 18  4.0636 828897.450037  x:  0.04390   0.02535   0.01363   0.00821   0.02556   0.03766   0.03268   0.04522   0.01199   0.07824   0.00280   0.01300   0.00869   0.01864   0.05856   0.02039   0.02744   0.02809   1.88751  
 19  9.1097 828398.182977  x:  0.00740   0.02173   0.01445   0.00856   0.02662   0.04179   0.03479   0.04789   0.01829   0.07467   0.00280   0.01313   0.00837   0.01818   0.05451   0.06349   0.02783   0.02598   2.40589  
 20 33536.5761 828051.992328  x:  0.06413   0.02060   0.01333   0.00795   0.02735   0.03980   0.03439   0.04719   0.01445   0.07133   0.00285   0.01273   0.00862   0.01803   0.05568   0.00000   0.02777   0.02730   3.01536  
 21  0.3025 828051.992328  x:  0.06413   0.02060   0.01333   0.00795   0.02735   0.03980   0.03439   0.04719   0.01445   0.07133   0.00285   0.01273   0.00862   0.01803   0.05568   0.00000   0.02777   0.02730   3.01536  
 22 6460.6215 828027.640996  x:  0.06457   0.02214   0.01401   0.00865   0.02682   0.03996   0.03435   0.04733   0.01482   0.07203   0.00293   0.01322   0.00839   0.01830   0.05552   0.00044   0.02779   0.02690   3.01539  
 23 22045.4484 828023.089022  x:  0.06477   0.02255   0.01394   0.00829   0.02663   0.04004   0.03433   0.04741   0.01482   0.07249   0.00269   0.01314   0.00857   0.01834   0.05542   0.00064   0.02782   0.02676   3.01542  
 24 13232.4626 828021.380331  x:  0.06486   0.02266   0.01384   0.00815   0.02656   0.04009   0.03433   0.04746   0.01477   0.07280   0.00289   0.01306   0.00861   0.01836   0.05536   0.00074   0.02784   0.02670   3.01544  
 25 14242.6796 828019.407376  x:  0.06500   0.02257   0.01363   0.00831   0.02656   0.04019   0.03434   0.04755   0.01459   0.07352   0.00284   0.01295   0.00845   0.01830   0.05523   0.00087   0.02789   0.02667   3.01551  
 26 7518.1299 828018.632835  x:  0.06500   0.02242   0.01373   0.00834   0.02663   0.04021   0.03435   0.04760   0.01458   0.07396   0.00284   0.01307   0.00859   0.01830   0.05518   0.00087   0.02790   0.02671   3.01557  
 27 5081.2427 828018.441352  x:  0.06496   0.02239   0.01380   0.00828   0.02666   0.04020   0.03436   0.04760   0.01463   0.07410   0.00284   0.01308   0.00852   0.01831   0.05519   0.00084   0.02789   0.02674   3.01560  
 28 2838.9546 828018.390421  x:  0.06492   0.02241   0.01380   0.00829   0.02666   0.04018   0.03436   0.04759   0.01467   0.07416   0.00284   0.01304   0.00854   0.01833   0.05521   0.00079   0.02788   0.02675   3.01566  
 29 1025.5208 828018.359425  x:  0.06489   0.02243   0.01376   0.00829   0.02666   0.04016   0.03436   0.04756   0.01466   0.07418   0.00284   0.01307   0.00853   0.01833   0.05524   0.00076   0.02787   0.02676   3.01575  
 30 683.5876 828018.282445  x:  0.06487   0.02244   0.01382   0.00829   0.02663   0.04013   0.03436   0.04752   0.01457   0.07421   0.00284   0.01304   0.00853   0.01830   0.05532   0.00074   0.02787   0.02674   3.01617  
 31 837.5831 828017.340785  x:  0.06503   0.02232   0.01379   0.00830   0.02661   0.04010   0.03432   0.04730   0.01467   0.07427   0.00284   0.01307   0.00853   0.01838   0.05585   0.00091   0.02797   0.02662   3.02177  
 32 3378.3176 828005.531379  x:  0.06531   0.02278   0.01377   0.00826   0.02732   0.04078   0.03457   0.04770   0.01466   0.07424   0.00288   0.01306   0.00855   0.01775   0.05687   0.00120   0.02769   0.02752   3.09320  
 33 24573.4453 827948.711688  x:  0.06484   0.02265   0.01377   0.00827   0.02699   0.04186   0.03499   0.04936   0.01369   0.07388   0.00276   0.01310   0.00855   0.02006   0.05760   0.00083   0.02719   0.02784   3.44818  
 34 412609.1300 827813.051226  x:  0.06384   0.02192   0.01376   0.00836   0.02540   0.04093   0.03452   0.04997   0.01496   0.07347   0.00290   0.01306   0.00853   0.01803   0.05615   0.00000   0.02788   0.02584   4.14219  
 35 1772775.6180 827753.741773  x:  0.06436   0.02244   0.01377   0.00832   0.02703   0.03881   0.03375   0.04707   0.01464   0.07329   0.00288   0.01303   0.00852   0.01841   0.05370   0.00061   0.02834   0.02630   4.49789  
 36 1385044.1797 827750.522653  x:  0.06442   0.02231   0.01379   0.00833   0.02659   0.03910   0.03400   0.04636   0.01469   0.07329   0.00289   0.01303   0.00852   0.01837   0.05343   0.00068   0.02789   0.02657   4.51721  
 37 105511.1807 827750.456353  x:  0.06439   0.02233   0.01379   0.00832   0.02664   0.03920   0.03401   0.04630   0.01469   0.07329   0.00288   0.01303   0.00852   0.01838   0.05342   0.00065   0.02791   0.02651   4.51761  
 38 2405.8651 827750.455709  x:  0.06439   0.02233   0.01379   0.00832   0.02664   0.03921   0.03400   0.04630   0.01469   0.07329   0.00288   0.01303   0.00852   0.01838   0.05342   0.00065   0.02792   0.02651   4.51762  
 39 93.9593 827750.455693  x:  0.06439   0.02233   0.01379   0.00832   0.02664   0.03921   0.03400   0.04630   0.01469   0.07329   0.00288   0.01303   0.00852   0.01838   0.05342   0.00065   0.02792   0.02651   4.51762  
 40  5.6797 827679.045150  x:  0.00000   0.02227   0.01376   0.00830   0.02660   0.03984   0.03407   0.04698   0.01484   0.07332   0.00291   0.01302   0.00853   0.01797   0.05461   0.06506   0.02777   0.02663   5.43419  
 41  1.9808 827678.981272  x:  0.00000   0.02227   0.01376   0.00830   0.02660   0.03984   0.03407   0.04698   0.01484   0.07332   0.00291   0.01302   0.00853   0.01797   0.05461   0.06485   0.02777   0.02663   5.43590  
 42 976.5674 827615.521564  x:  0.00000   0.02216   0.01370   0.00827   0.02636   0.04094   0.03437   0.04848   0.01471   0.07289   0.00292   0.01301   0.00854   0.01801   0.05641   0.06472   0.02746   0.02679   9.18702  
 43  1.4817 827600.488424  x:  0.00000   0.02223   0.01375   0.00831   0.02650   0.03979   0.03408   0.04703   0.01466   0.07283   0.00291   0.01301   0.00851   0.01822   0.05441   0.06457   0.02771   0.02658   9.67561  
 44  0.3918 827600.484952  x:  0.00005   0.02223   0.01375   0.00831   0.02650   0.03979   0.03408   0.04703   0.01466   0.07283   0.00291   0.01301   0.00851   0.01822   0.05441   0.06457   0.02771   0.02658   9.67584  
 45 646.8983 827596.468823  x:  0.00012   0.02222   0.01379   0.00833   0.02651   0.03985   0.03427   0.04706   0.01495   0.07305   0.00295   0.01305   0.00855   0.01804   0.05438   0.06433   0.02771   0.02666  11.81834  
 46  0.3670 827595.669737  x:  0.00028   0.02221   0.01375   0.00831   0.02647   0.03982   0.03410   0.04706   0.01471   0.07275   0.00292   0.01301   0.00852   0.01817   0.05446   0.06429   0.02768   0.02658  12.25400  
 47  0.3460 827595.609565  x:  0.00021   0.02222   0.01375   0.00832   0.02649   0.03983   0.03411   0.04707   0.01471   0.07277   0.00293   0.01302   0.00852   0.01818   0.05444   0.06425   0.02769   0.02660  12.59597  
 48  0.1914 827595.603751  x:  0.00026   0.02221   0.01375   0.00831   0.02648   0.03983   0.03411   0.04706   0.01472   0.07277   0.00293   0.01301   0.00852   0.01817   0.05444   0.06424   0.02768   0.02659  12.65310  
 49  0.0516 827595.603731  x:  0.00026   0.02221   0.01375   0.00831   0.02648   0.03983   0.03411   0.04706   0.01472   0.07277   0.00293   0.01301   0.00852   0.01817   0.05444   0.06424   0.02769   0.02659  12.65610  
 50  0.0049 827595.603731  x:  0.00026   0.02221   0.01375   0.00831   0.02648   0.03983   0.03411   0.04706   0.01472   0.07277   0.00293   0.01301   0.00852   0.01817   0.05444   0.06424   0.02769   0.02659  12.65610  