

TREE #  1

  0  0.0000 795132.395093  x:  0.06629   0.01828   0.01487   0.01111   0.02216   0.03312   0.05505   0.04901   0.01238   0.06202   0.00496   0.01532   0.01371   0.01347   0.05583   0.00000   0.02560   0.02546   1.07363  
  1 99.0000 795131.072874  x:  0.06629   0.01828   0.01487   0.01111   0.02216   0.03312   0.05505   0.04901   0.01239   0.06202   0.00495   0.01531   0.01370   0.01347   0.05583   0.00000   0.02560   0.02546   1.07363  
  2 89681.3737 795107.869149  x:  0.06589   0.01804   0.01476   0.01065   0.02191   0.03297   0.05497   0.04868   0.01245   0.06211   0.00556   0.01419   0.01269   0.01407   0.05574   0.00000   0.02534   0.02497   1.07356  
  3 24496.4536 795102.563201  x:  0.06496   0.01775   0.01477   0.01077   0.02164   0.03268   0.05474   0.04799   0.01242   0.06220   0.00555   0.01409   0.01290   0.01379   0.05545   0.00000   0.02502   0.02432   1.07340  
  4 7374.1619 795101.003287  x:  0.06434   0.01785   0.01476   0.01068   0.02170   0.03260   0.05455   0.04764   0.01243   0.06217   0.00551   0.01433   0.01276   0.01392   0.05523   0.00000   0.02511   0.02444   1.07322  
  5 4947.6296 795100.674488  x:  0.06414   0.01791   0.01477   0.01072   0.02175   0.03264   0.05449   0.04762   0.01243   0.06212   0.00553   0.01419   0.01282   0.01388   0.05516   0.00000   0.02517   0.02457   1.07309  
  6 2597.6076 795100.436203  x:  0.06397   0.01787   0.01473   0.01067   0.02169   0.03273   0.05446   0.04782   0.01243   0.06200   0.00554   0.01421   0.01281   0.01384   0.05511   0.00000   0.02510   0.02459   1.07267  
  7 1133.5346 795100.112541  x:  0.06387   0.01788   0.01479   0.01080   0.02171   0.03271   0.05446   0.04797   0.01248   0.06187   0.00551   0.01422   0.01279   0.01395   0.05509   0.00000   0.02508   0.02452   1.07184  
  8 2374.5215 795097.690598  x:  0.06380   0.01800   0.01475   0.01054   0.02192   0.03223   0.05455   0.04821   0.01258   0.06142   0.00552   0.01417   0.01293   0.01390   0.05517   0.00000   0.02533   0.02426   1.06496  
  9 6841.1666 795086.184016  x:  0.06404   0.01780   0.01458   0.01100   0.02177   0.03181   0.05487   0.04801   0.01207   0.06053   0.00565   0.01426   0.01236   0.01345   0.05545   0.00000   0.02568   0.02443   1.03198  
 10 43715.5417 795058.863457  x:  0.06472   0.01771   0.01465   0.01073   0.02125   0.03244   0.05517   0.04722   0.01229   0.05996   0.00544   0.01417   0.01297   0.01414   0.05591   0.00000   0.02526   0.02487   0.95514  
 11 228064.6623 795049.006153  x:  0.06483   0.01803   0.01492   0.01071   0.02188   0.03284   0.05501   0.04746   0.01266   0.06087   0.00561   0.01426   0.01268   0.01368   0.05582   0.00000   0.02503   0.02462   0.92666  
 12 151232.8059 795045.114749  x:  0.06475   0.01793   0.01471   0.01076   0.02193   0.03270   0.05485   0.04796   0.01225   0.06184   0.00555   0.01424   0.01279   0.01387   0.05562   0.00000   0.02531   0.02454   0.91535  
 13 56992.1960 795044.788632  x:  0.06472   0.01795   0.01476   0.01077   0.02175   0.03259   0.05487   0.04804   0.01235   0.06199   0.00556   0.01425   0.01278   0.01384   0.05563   0.00000   0.02537   0.02461   0.91441  
 14 7623.8556 795044.771698  x:  0.06469   0.01793   0.01476   0.01077   0.02177   0.03257   0.05493   0.04805   0.01235   0.06201   0.00556   0.01425   0.01278   0.01384   0.05566   0.00000   0.02534   0.02463   0.91436  
 15 432.6751 795044.769300  x:  0.06468   0.01794   0.01476   0.01077   0.02177   0.03258   0.05495   0.04805   0.01235   0.06202   0.00556   0.01425   0.01278   0.01384   0.05567   0.00000   0.02535   0.02463   0.91435  
 16 152.9292 795044.769108  x:  0.06467   0.01794   0.01476   0.01077   0.02177   0.03258   0.05495   0.04805   0.01235   0.06202   0.00556   0.01425   0.01278   0.01384   0.05568   0.00000   0.02535   0.02463   0.91435  
 17 30.8884 795044.767116  x:  0.06467   0.01794   0.01476   0.01077   0.02177   0.03258   0.05493   0.04805   0.01235   0.06202   0.00556   0.01425   0.01278   0.01384   0.05570   0.00000   0.02535   0.02463   0.91435  
 18  7.5243 795044.690323  x:  0.06467   0.01794   0.01485   0.01074   0.02176   0.03258   0.05491   0.04806   0.01229   0.06202   0.00556   0.01425   0.01278   0.01384   0.05572   0.00013   0.02534   0.02463   0.91435  
 19 13.1889 795044.187793  x:  0.06466   0.01795   0.01473   0.01078   0.02177   0.03258   0.05489   0.04805   0.01236   0.06202   0.00555   0.01425   0.01277   0.01384   0.05576   0.00071   0.02534   0.02463   0.91438  
 20 720.2748 794852.639387  x:  0.06434   0.01784   0.01469   0.01017   0.02162   0.03268   0.05480   0.04788   0.01255   0.06253   0.00250   0.01307   0.01157   0.01383   0.05560   0.00028   0.02511   0.02434   0.92315  
 21 83.6824 794847.946897  x:  0.06431   0.01783   0.01471   0.00994   0.02160   0.03277   0.05489   0.04790   0.01266   0.06283   0.00269   0.01267   0.01113   0.01361   0.05567   0.00006   0.02508   0.02428   0.92264  
 22  0.0014 794847.755305  x:  0.06431   0.01783   0.01471   0.00991   0.02160   0.03279   0.05492   0.04791   0.01269   0.06289   0.00263   0.01264   0.01112   0.01357   0.05569   0.00000   0.02508   0.02427   0.92184  
 23  0.0014 794847.748065  x:  0.06430   0.01783   0.01471   0.00991   0.02160   0.03280   0.05494   0.04791   0.01270   0.06291   0.00263   0.01265   0.01113   0.01355   0.05571   0.00000   0.02508   0.02427   0.92147  
 24  0.0004 794847.747855  x:  0.06429   0.01783   0.01471   0.00991   0.02160   0.03280   0.05494   0.04791   0.01270   0.06292   0.00263   0.01265   0.01113   0.01355   0.05571   0.00000   0.02508   0.02427   0.92145  
 25  0.0000 794847.747855  x:  0.06429   0.01783   0.01471   0.00991   0.02160   0.03280   0.05494   0.04791   0.01270   0.06292   0.00263   0.01265   0.01113   0.01355   0.05571   0.00000   0.02508   0.02427   0.92145  
 26  3.5865 794847.747840  x:  0.06429   0.01783   0.01471   0.00991   0.02160   0.03280   0.05494   0.04791   0.01270   0.06292   0.00263   0.01265   0.01113   0.01355   0.05571   0.00000   0.02508   0.02427   0.92145  
 27 67.8470 794847.747837  x:  0.06429   0.01783   0.01471   0.00991   0.02160   0.03280   0.05494   0.04791   0.01270   0.06292   0.00263   0.01265   0.01113   0.01355   0.05571   0.00000   0.02508   0.02427   0.92145  
 28 25.7533 794847.747836  x:  0.06429   0.01783   0.01471   0.00991   0.02159   0.03280   0.05494   0.04791   0.01270   0.06292   0.00263   0.01265   0.01113   0.01355   0.05571   0.00000   0.02508   0.02427   0.92145  
 29  9.6020 794847.747836  x:  0.06429   0.01783   0.01471   0.00991   0.02159   0.03280   0.05494   0.04791   0.01270   0.06292   0.00263   0.01265   0.01113   0.01355   0.05571   0.00000   0.02508   0.02427   0.92145  
 30  5.9941 794847.747835  x:  0.06429   0.01783   0.01471   0.00991   0.02160   0.03280   0.05494   0.04791   0.01270   0.06292   0.00263   0.01265   0.01113   0.01355   0.05571   0.00000   0.02508   0.02427   0.92145  
 31  3.1244 794847.747835  x:  0.06429   0.01783   0.01471   0.00991   0.02160   0.03280   0.05494   0.04791   0.01270   0.06292   0.00263   0.01265   0.01113   0.01355   0.05571   0.00000   0.02508   0.02427   0.92145  
 32  1.5591 794847.747835  x:  0.06429   0.01783   0.01471   0.00991   0.02160   0.03280   0.05494   0.04791   0.01270   0.06292   0.00263   0.01265   0.01113   0.01355   0.05571   0.00000   0.02508   0.02427   0.92145  
 33 172.2173 794847.747835  x:  0.06429   0.01783   0.01471   0.00991   0.02160   0.03280   0.05494   0.04791   0.01270   0.06292   0.00263   0.01265   0.01113   0.01355   0.05571   0.00000   0.02508   0.02427   0.92145  
 34 32.1110 794847.747835  x:  0.06429   0.01783   0.01471   0.00991   0.02160   0.03280   0.05494   0.04791   0.01270   0.06292   0.00263   0.01265   0.01113   0.01355   0.05571   0.00000   0.02508   0.02427   0.92145  
 35 48.6418 794847.747835  x:  0.06429   0.01783   0.01471   0.00991   0.02160   0.03280   0.05494   0.04791   0.01270   0.06292   0.00263   0.01265   0.01113   0.01355   0.05571   0.00000   0.02508   0.02427   0.92145  
 36  6.8399 794847.747835  x:  0.06429   0.01783   0.01471   0.00991   0.02160   0.03280   0.05494   0.04791   0.01270   0.06292   0.00263   0.01265   0.01113   0.01355   0.05571   0.00000   0.02508   0.02427   0.92145  
 37  2.8077 794847.747834  x:  0.06429   0.01783   0.01471   0.00991   0.02160   0.03280   0.05494   0.04791   0.01270   0.06292   0.00263   0.01265   0.01113   0.01355   0.05571   0.00000   0.02508   0.02427   0.92145  
 38  1.9806 794847.747834  x:  0.06429   0.01783   0.01471   0.00991   0.02160   0.03280   0.05494   0.04791   0.01270   0.06292   0.00263   0.01265   0.01113   0.01355   0.05571   0.00000   0.02508   0.02427   0.92145  
 39  1.1983 794847.747834  x:  0.06429   0.01783   0.01471   0.00991   0.02160   0.03280   0.05494   0.04791   0.01270   0.06292   0.00263   0.01265   0.01113   0.01355   0.05571   0.00000   0.02508   0.02427   0.92145  
 40  0.3488 794847.747834  x:  0.06429   0.01783   0.01471   0.00991   0.02160   0.03280   0.05494   0.04791   0.01270   0.06292   0.00263   0.01265   0.01113   0.01355   0.05571   0.00000   0.02508   0.02427   0.92145  
 41  0.1466 794847.747834  x:  0.06429   0.01783   0.01471   0.00991   0.02160   0.03280   0.05494   0.04791   0.01270   0.06292   0.00263   0.01265   0.01113   0.01355   0.05571   0.00000   0.02508   0.02427   0.92145  
 42  0.1090 794847.747834  x:  0.06429   0.01783   0.01471   0.00991   0.02160   0.03280   0.05494   0.04791   0.01270   0.06292   0.00263   0.01265   0.01113   0.01355   0.05571   0.00000   0.02508   0.02427   0.92145  
 43  0.0567 794847.747834  x:  0.06429   0.01783   0.01471   0.00991   0.02160   0.03280   0.05494   0.04791   0.01270   0.06292   0.00263   0.01265   0.01113   0.01355   0.05571   0.00000   0.02508   0.02427   0.92145  
 44  0.1262 794847.747834  x:  0.06429   0.01783   0.01471   0.00991   0.02160   0.03280   0.05494   0.04791   0.01270   0.06292   0.00263   0.01265   0.01113   0.01355   0.05571   0.00000   0.02508   0.02427   0.92145  
check convergence!
