0.9499025200696096
1.2000853993958747
1.084131810080176
1.4505452241134273
1.1413688319266484
1.120704039340349
0.8500317584777737
0.9753983921237025
0.9497945022849769
1.0666200260941776
1.0703366254798934
1.2667337839185642
0.8167550893637356
0.5502050485664771
1.6193713200845334
0.6050846284337253
0.9459456316434628
1.143010548551188
1.0066119948450214
1.451506358839061
0.6685954320669043
0.9343182012899561
1.0358192076111896
1.6595776728452116
0.7641586026827247
1.0709181704233361
0.9134629441812415
0.9689768326653865
0.6776418748398518
0.8810412204361223
1.1669713797390646
1.060248916505922
1.4875994574926041
0.868306547575227
1.0111967124308736
1.0944194954165203
0.6400277972559821
1.0482534854503665
1.4416795024636107
1.0296391131853728
1.3881325592882057
1.5106990807267882
0.7399976382548836
1.2307304604070972
1.1829525641438174
1.2610936328476767
1.6238126787994827
1.1144941951982783
0.5803914452907336
0.6270000387871768
1.2373843975929875
1.6265710737657948
0.9541312312714494
0.8399586773412253
1.0994824853729328
0.5611632207457714
0.7658675315290413
1.233352480150905
1.1580523254651383
1.0362614144974553
0.40533870536567423
1.105009380210055
0.7887699666497555
1.3446450056757016
0.7699095207037823
1.2813309928448993
0.8564152537812308
0.8375781150456943
0.6973174559762152
0.7221776203260774