

TREE #  1

  0  0.0000 864230.303154  x:  0.05156   0.03478   0.01592   0.01416   0.03077   0.03058   0.04710   0.06161   0.01909   0.06149   0.00451   0.01219   0.01197   0.01674   0.07834   0.02822   0.02961   0.02931   1.02691  
  1 99.0000 864224.107066  x:  0.05108   0.03415   0.01523   0.01436   0.03061   0.03065   0.04676   0.06139   0.01861   0.06118   0.00432   0.01225   0.01190   0.01676   0.07823   0.02774   0.02959   0.02926   1.02705  
  2 8470.8900 864223.122750  x:  0.05094   0.03400   0.01523   0.01434   0.03056   0.03064   0.04664   0.06131   0.01855   0.06107   0.00454   0.01221   0.01191   0.01677   0.07818   0.02760   0.02957   0.02924   1.02712  
  3 7673.0204 864221.948722  x:  0.05068   0.03380   0.01550   0.01423   0.03047   0.03057   0.04641   0.06113   0.01860   0.06082   0.00447   0.01209   0.01194   0.01667   0.07804   0.02734   0.02950   0.02917   1.02732  
  4 5504.6217 864221.655779  x:  0.05064   0.03380   0.01554   0.01423   0.03047   0.03053   0.04634   0.06103   0.01870   0.06069   0.00447   0.01223   0.01187   0.01669   0.07794   0.02729   0.02948   0.02915   1.02749  
  5 2479.2304 864221.271440  x:  0.05066   0.03388   0.01544   0.01429   0.03050   0.03049   0.04630   0.06084   0.01887   0.06047   0.00447   0.01214   0.01191   0.01673   0.07773   0.02731   0.02947   0.02915   1.02794  
  6 2399.1439 864220.583021  x:  0.05076   0.03396   0.01542   0.01418   0.03050   0.03054   0.04638   0.06068   0.01869   0.06024   0.00449   0.01217   0.01189   0.01655   0.07738   0.02742   0.02949   0.02917   1.02924  
  7 2550.6525 864218.889430  x:  0.05084   0.03392   0.01564   0.01431   0.03040   0.03059   0.04653   0.06066   0.01840   0.06012   0.00445   0.01214   0.01186   0.01689   0.07691   0.02750   0.02946   0.02912   1.03295  
  8 6899.0091 864202.431931  x:  0.05059   0.03325   0.01539   0.01424   0.03001   0.03033   0.04682   0.06147   0.01896   0.06106   0.00445   0.01235   0.01243   0.01670   0.07504   0.02724   0.02919   0.02878   1.07055  
  9 24110.4729 864191.656845  x:  0.05041   0.03313   0.01530   0.01420   0.03014   0.03030   0.04670   0.06170   0.01919   0.06141   0.00449   0.01200   0.01152   0.01653   0.07461   0.02706   0.02926   0.02886   1.09451  
 10 163783.5625 864165.666016  x:  0.05003   0.03384   0.01554   0.01427   0.03122   0.03067   0.04551   0.06099   0.01867   0.06096   0.00449   0.01219   0.01196   0.01671   0.07613   0.02669   0.02991   0.02971   1.15534  
 11 135115.2498 864156.189611  x:  0.05024   0.03399   0.01543   0.01422   0.03038   0.03048   0.04577   0.06039   0.01855   0.06022   0.00449   0.01215   0.01189   0.01666   0.07759   0.02690   0.02934   0.02905   1.17688  
 12 77040.3511 864155.697281  x:  0.05027   0.03373   0.01548   0.01430   0.03043   0.03046   0.04604   0.06038   0.01865   0.06003   0.00450   0.01216   0.01190   0.01662   0.07773   0.02693   0.02945   0.02913   1.17800  
 13 5177.8262 864155.671199  x:  0.05027   0.03371   0.01547   0.01424   0.03045   0.03046   0.04605   0.06039   0.01866   0.06001   0.00450   0.01216   0.01190   0.01665   0.07774   0.02693   0.02945   0.02913   1.17806  
 14 933.6109 864155.667789  x:  0.05027   0.03371   0.01547   0.01425   0.03046   0.03048   0.04605   0.06042   0.01866   0.05998   0.00450   0.01216   0.01190   0.01665   0.07774   0.02693   0.02943   0.02912   1.17807  
 15 174.3766 864155.667325  x:  0.05027   0.03371   0.01547   0.01425   0.03046   0.03047   0.04605   0.06043   0.01866   0.05998   0.00450   0.01216   0.01190   0.01665   0.07774   0.02693   0.02944   0.02913   1.17807  
 16 71.3440 864155.667324  x:  0.05027   0.03371   0.01547   0.01425   0.03046   0.03047   0.04605   0.06043   0.01866   0.05998   0.00450   0.01216   0.01190   0.01665   0.07774   0.02693   0.02944   0.02913   1.17807  
 17  3.2573 864155.667314  x:  0.05027   0.03371   0.01547   0.01425   0.03045   0.03047   0.04605   0.06043   0.01866   0.05998   0.00450   0.01216   0.01190   0.01665   0.07774   0.02693   0.02944   0.02913   1.17807  
 18  0.2928 864155.666953  x:  0.05026   0.03372   0.01547   0.01425   0.03045   0.03048   0.04606   0.06043   0.01866   0.05998   0.00450   0.01216   0.01190   0.01665   0.07774   0.02693   0.02944   0.02913   1.17807  
 19  1.3393 864154.628861  x:  0.03764   0.03368   0.01544   0.01424   0.03047   0.03031   0.04626   0.06056   0.01864   0.06011   0.00449   0.01215   0.01189   0.01664   0.07717   0.03950   0.02929   0.02912   1.19382  
 20 33.3723 864154.474972  x:  0.07722   0.03364   0.01545   0.01425   0.03042   0.03040   0.04622   0.06057   0.01868   0.06012   0.00449   0.01216   0.01189   0.01665   0.07710   0.00000   0.02937   0.02906   1.19567  
 21  2.9958 864154.472932  x:  0.07718   0.03364   0.01545   0.01425   0.03041   0.03040   0.04621   0.06058   0.01868   0.06013   0.00449   0.01216   0.01189   0.01665   0.07710   0.00000   0.02938   0.02906   1.19578  
 22  0.0125 864154.457597  x:  0.07685   0.03363   0.01545   0.01425   0.03039   0.03044   0.04620   0.06059   0.01870   0.06014   0.00449   0.01216   0.01189   0.01665   0.07708   0.00037   0.02941   0.02905   1.19665  
 23 229.4059 864154.446378  x:  0.07688   0.03363   0.01545   0.01425   0.03040   0.03045   0.04617   0.06056   0.01870   0.06011   0.00449   0.01216   0.01189   0.01665   0.07712   0.00034   0.02940   0.02908   1.19793  
 24  0.0012 864154.445755  x:  0.07695   0.03363   0.01545   0.01425   0.03040   0.03045   0.04617   0.06056   0.01870   0.06012   0.00449   0.01216   0.01189   0.01665   0.07712   0.00027   0.02940   0.02907   1.19820  
 25  0.0001 864154.445123  x:  0.07708   0.03362   0.01545   0.01425   0.03039   0.03045   0.04616   0.06056   0.01870   0.06011   0.00449   0.01216   0.01189   0.01665   0.07711   0.00014   0.02940   0.02908   1.19798  
 26  0.0001 864154.445115  x:  0.07708   0.03362   0.01545   0.01425   0.03039   0.03045   0.04616   0.06056   0.01870   0.06011   0.00449   0.01216   0.01189   0.01665   0.07711   0.00014   0.02940   0.02907   1.19801  
 27  0.0000 864154.445115  x:  0.07708   0.03362   0.01545   0.01425   0.03039   0.03045   0.04616   0.06056   0.01870   0.06011   0.00449   0.01216   0.01189   0.01665   0.07711   0.00014   0.02940   0.02907   1.19801  