558838637
-608670581
250840453
-1554433325
-721332975
769801693
216775057
2074078785
-602779449
1212755297
556905115
123078065
1630423185
635906815
-1528775591
378386911
1406842691
343622147
-2042641445
347903419
1191633223
550990243
1182663547
-1423062093
1958178165
-1541229719
1381517917
2079417983
-118922519
965310561
-335153503
655503937
324112897
-1525212717
1963335899
-460753071
-1072560649
1372758961
-110032983
194449177
1181593999
-887505481
1042550185
-1475596187
-989935671
-319551079
2001415281
488617907
949336103
254919107
-271395185
914018719
-1059149433
-1241917921
1104864201
1822172487
1912290327
-1074672757
879390947
-1872555191
416680003
-1144567067
900748829
639339403
-1916902419
-1529597661
-1055831639
37203181
96332589
-1387088571
