-1316694925
-2029167397
313215033
-348604139
-578105991
-448378921
747949709
1168567465
-634416707
-2121114009
264174611
2138836423
1979038773
-1044646671
-1734840451
1242402243
450955295
156740019
1538863969
688595605
-1163143601
1967034557
-1823799331
506263587
-249477435
-1276756865
-1919145821
484296505
-1214837589
-1273848249
2034407895
129869259
-2038392141
-785040323
-93114073
1008690599
15885799
-924463465
-1733104239
1256461413
609842575
55579817
-890618037
1921696751
2025556233
-197876761
1035691861
1467745573
-1532455531
-1167630743
1197792559
-869448195
766263763
-836153343
-798603687
1372931441
339535149
1740716847
2082294275
-569638237
-2099048293
1672427117
149148685
-1185505159
1706037919
-1344477531
1346728453
-1203581007
-1240112387
-1867870607
