

TREE #  1

  0  0.0000 774867.099905  x:  0.06419   0.03155   0.01436   0.01905   0.03765   0.01849   0.04268   0.04513   0.01278   0.03171   0.00323   0.00715   0.00732   0.01310   0.05281   0.00151   0.02729   0.02495   1.06409  
  1 99.0000 774866.696920  x:  0.06414   0.03153   0.01433   0.01905   0.03765   0.01846   0.04267   0.04510   0.01278   0.03171   0.00313   0.00720   0.00728   0.01313   0.05280   0.00145   0.02729   0.02493   1.06408  
  2 4786.3430 774866.241527  x:  0.06397   0.03150   0.01427   0.01907   0.03766   0.01836   0.04264   0.04499   0.01278   0.03170   0.00318   0.00725   0.00722   0.01320   0.05276   0.00129   0.02727   0.02486   1.06406  
  3 4388.5519 774866.029670  x:  0.06386   0.03147   0.01425   0.01907   0.03767   0.01833   0.04262   0.04492   0.01278   0.03168   0.00317   0.00718   0.00728   0.01319   0.05273   0.00117   0.02726   0.02482   1.06403  
  4 3646.4769 774865.978824  x:  0.06382   0.03146   0.01428   0.01907   0.03766   0.01836   0.04260   0.04487   0.01279   0.03167   0.00317   0.00719   0.00727   0.01313   0.05270   0.00113   0.02726   0.02482   1.06401  
  5 1160.4759 774865.963163  x:  0.06382   0.03145   0.01430   0.01905   0.03764   0.01838   0.04258   0.04484   0.01279   0.03166   0.00317   0.00719   0.00727   0.01316   0.05267   0.00113   0.02726   0.02484   1.06397  
  6 476.2996 774865.948455  x:  0.06384   0.03145   0.01428   0.01905   0.03763   0.01836   0.04256   0.04481   0.01279   0.03165   0.00317   0.00720   0.00727   0.01314   0.05263   0.00115   0.02726   0.02485   1.06387  
  7 397.3772 774865.938833  x:  0.06384   0.03145   0.01428   0.01905   0.03762   0.01835   0.04255   0.04480   0.01279   0.03165   0.00317   0.00718   0.00726   0.01314   0.05261   0.00116   0.02725   0.02484   1.06378  
  8 839.0985 774865.813817  x:  0.06387   0.03146   0.01432   0.01915   0.03763   0.01836   0.04255   0.04482   0.01277   0.03168   0.00317   0.00719   0.00727   0.01315   0.05250   0.00118   0.02722   0.02474   1.06253  
  9 1630.6546 774864.504757  x:  0.06384   0.03153   0.01418   0.01893   0.03780   0.01847   0.04266   0.04509   0.01284   0.03185   0.00317   0.00719   0.00727   0.01315   0.05213   0.00116   0.02733   0.02469   1.04917  
 10 8809.4253 774862.194290  x:  0.06382   0.03153   0.01441   0.01906   0.03777   0.01824   0.04274   0.04517   0.01273   0.03174   0.00317   0.00719   0.00727   0.01316   0.05229   0.00115   0.02739   0.02503   1.02570  
 11 52440.3423 774861.148544  x:  0.06389   0.03151   0.01424   0.01913   0.03768   0.01841   0.04268   0.04500   0.01282   0.03167   0.00316   0.00719   0.00727   0.01316   0.05265   0.00123   0.02726   0.02492   1.01501  
 12 53023.7170 774861.074296  x:  0.06391   0.03152   0.01429   0.01906   0.03769   0.01838   0.04265   0.04495   0.01279   0.03170   0.00316   0.00719   0.00727   0.01315   0.05270   0.00125   0.02727   0.02484   1.01424  
 13 5312.3901 774861.070698  x:  0.06391   0.03153   0.01429   0.01907   0.03770   0.01838   0.04264   0.04493   0.01279   0.03172   0.00316   0.00719   0.00727   0.01316   0.05271   0.00125   0.02729   0.02485   1.01420  
 14 284.7572 774861.070627  x:  0.06391   0.03153   0.01429   0.01907   0.03770   0.01838   0.04264   0.04493   0.01279   0.03172   0.00316   0.00719   0.00727   0.01316   0.05271   0.00125   0.02729   0.02485   1.01420  
 15 26.3052 774861.070624  x:  0.06391   0.03153   0.01429   0.01907   0.03770   0.01838   0.04264   0.04493   0.01279   0.03172   0.00316   0.00719   0.00727   0.01316   0.05271   0.00125   0.02729   0.02485   1.01420  
 16  9.5962 774861.070624  x:  0.06391   0.03153   0.01429   0.01907   0.03770   0.01838   0.04264   0.04493   0.01279   0.03172   0.00316   0.00719   0.00727   0.01316   0.05271   0.00125   0.02729   0.02485   1.01420  
 17  0.8257 774861.070624  x:  0.06391   0.03153   0.01429   0.01907   0.03770   0.01838   0.04264   0.04493   0.01279   0.03172   0.00316   0.00719   0.00727   0.01316   0.05271   0.00125   0.02729   0.02485   1.01420  
 18  6.0077 774861.070623  x:  0.06391   0.03153   0.01429   0.01907   0.03770   0.01838   0.04264   0.04493   0.01279   0.03172   0.00316   0.00719   0.00727   0.01316   0.05271   0.00125   0.02729   0.02485   1.01420  
 19  0.0518 774861.070618  x:  0.06390   0.03153   0.01429   0.01907   0.03770   0.01838   0.04265   0.04493   0.01279   0.03172   0.00316   0.00719   0.00727   0.01316   0.05271   0.00127   0.02729   0.02485   1.01420  
 20 10.3596 774861.063111  x:  0.06516   0.03153   0.01429   0.01907   0.03770   0.01838   0.04264   0.04492   0.01279   0.03172   0.00316   0.00719   0.00727   0.01316   0.05273   0.00000   0.02729   0.02485   1.01488  
 21  0.0316 774861.063110  x:  0.06516   0.03153   0.01429   0.01907   0.03770   0.01838   0.04264   0.04492   0.01279   0.03172   0.00316   0.00719   0.00727   0.01316   0.05273   0.00000   0.02729   0.02485   1.01488  
 22  0.0247 774861.063110  x:  0.06516   0.03153   0.01429   0.01907   0.03770   0.01838   0.04264   0.04492   0.01279   0.03172   0.00316   0.00719   0.00727   0.01316   0.05273   0.00000   0.02729   0.02485   1.01488  
 23 87.4434 774861.062917  x:  0.06516   0.03153   0.01429   0.01907   0.03770   0.01838   0.04264   0.04492   0.01279   0.03172   0.00316   0.00719   0.00727   0.01316   0.05273   0.00000   0.02729   0.02485   1.01490  
 24  0.0012 774861.060799  x:  0.06516   0.03152   0.01429   0.01908   0.03769   0.01838   0.04264   0.04492   0.01279   0.03171   0.00316   0.00719   0.00727   0.01316   0.05275   0.00000   0.02729   0.02486   1.01545  
 25  0.0005 774861.060799  x:  0.06516   0.03152   0.01429   0.01908   0.03769   0.01838   0.04264   0.04492   0.01279   0.03171   0.00316   0.00719   0.00727   0.01316   0.05275   0.00000   0.02729   0.02486   1.01545  
 26  0.0000 774861.060799  x:  0.06516   0.03152   0.01429   0.01908   0.03769   0.01838   0.04264   0.04492   0.01279   0.03171   0.00316   0.00719   0.00727   0.01316   0.05275   0.00000   0.02729   0.02486   1.01545  
 27  0.0000 774861.060798  x:  0.06516   0.03152   0.01429   0.01908   0.03769   0.01838   0.04264   0.04492   0.01279   0.03171   0.00316   0.00719   0.00727   0.01316   0.05275   0.00000   0.02729   0.02486   1.01545  
 28  0.0000 774861.060798  x:  0.06516   0.03152   0.01429   0.01908   0.03769   0.01838   0.04264   0.04492   0.01279   0.03171   0.00316   0.00719   0.00727   0.01316   0.05275   0.00000   0.02729   0.02486   1.01545  
 29  0.0000 774861.060798  x:  0.06516   0.03152   0.01429   0.01908   0.03769   0.01838   0.04264   0.04492   0.01279   0.03171   0.00316   0.00719   0.00727   0.01316   0.05275   0.00000   0.02729   0.02486   1.01545  
 30  0.0000 774861.060798  x:  0.06516   0.03152   0.01429   0.01908   0.03769   0.01838   0.04264   0.04492   0.01279   0.03171   0.00316   0.00719   0.00727   0.01316   0.05275   0.00000   0.02729   0.02486   1.01545  
 31  0.0000 774861.060796  x:  0.06516   0.03152   0.01429   0.01908   0.03769   0.01838   0.04264   0.04492   0.01279   0.03171   0.00316   0.00719   0.00727   0.01316   0.05275   0.00000   0.02729   0.02486   1.01545  
 32  0.0000 774861.060778  x:  0.06516   0.03152   0.01429   0.01908   0.03769   0.01838   0.04264   0.04492   0.01279   0.03171   0.00316   0.00719   0.00727   0.01316   0.05275   0.00000   0.02729   0.02486   1.01544  
 33  0.0000 774861.060726  x:  0.06516   0.03152   0.01429   0.01908   0.03769   0.01837   0.04264   0.04491   0.01279   0.03171   0.00316   0.00719   0.00727   0.01316   0.05275   0.00000   0.02729   0.02486   1.01546  