

TREE #  1

  0  0.0000 815673.534937  x:  0.04663   0.02494   0.01613   0.01592   0.04358   0.02700   0.04685   0.04524   0.00978   0.04242   0.00299   0.01432   0.01148   0.01135   0.08833   0.02451   0.01930   0.02292   0.97425  
  1 99.0000 815670.182073  x:  0.04653   0.02473   0.01592   0.01577   0.04355   0.02701   0.04684   0.04521   0.00949   0.04237   0.00271   0.01441   0.01139   0.01140   0.08827   0.02440   0.01931   0.02291   0.97430  
  2 11466.7624 815667.786048  x:  0.04639   0.02447   0.01569   0.01558   0.04351   0.02702   0.04683   0.04517   0.00917   0.04230   0.00288   0.01450   0.01131   0.01147   0.08819   0.02426   0.01932   0.02288   0.97439  
  3 15315.8521 815666.888195  x:  0.04615   0.02424   0.01564   0.01554   0.04340   0.02701   0.04679   0.04509   0.00928   0.04223   0.00288   0.01438   0.01142   0.01132   0.08799   0.02402   0.01929   0.02281   0.97461  
  4 3505.6537 815666.388255  x:  0.04600   0.02418   0.01571   0.01559   0.04331   0.02699   0.04673   0.04502   0.00939   0.04216   0.00287   0.01440   0.01129   0.01143   0.08777   0.02387   0.01927   0.02278   0.97491  
  5 3444.9485 815665.641398  x:  0.04594   0.02433   0.01580   0.01563   0.04319   0.02693   0.04661   0.04491   0.00928   0.04203   0.00287   0.01452   0.01140   0.01139   0.08728   0.02382   0.01929   0.02281   0.97575  
  6 3008.8369 815664.601053  x:  0.04604   0.02448   0.01566   0.01554   0.04315   0.02690   0.04652   0.04483   0.00927   0.04195   0.00288   0.01430   0.01127   0.01133   0.08670   0.02391   0.01928   0.02283   0.97721  
  7 6371.7881 815662.525892  x:  0.04626   0.02430   0.01547   0.01547   0.04327   0.02699   0.04653   0.04488   0.00948   0.04205   0.00286   0.01442   0.01145   0.01154   0.08609   0.02413   0.01918   0.02270   0.98062  
  8 8752.1660 815657.148862  x:  0.04648   0.02374   0.01574   0.01566   0.04361   0.02713   0.04675   0.04514   0.00946   0.04233   0.00289   0.01463   0.01119   0.01116   0.08539   0.02436   0.01921   0.02263   0.98976  
  9 26085.6118 815641.209149  x:  0.04627   0.02343   0.01636   0.01576   0.04398   0.02701   0.04724   0.04563   0.00899   0.04276   0.00285   0.01393   0.01153   0.01169   0.08497   0.02415   0.01959   0.02296   1.01756  
 10 63567.7364 815590.259760  x:  0.04515   0.02471   0.01562   0.01497   0.04391   0.02645   0.04778   0.04602   0.00956   0.04321   0.00289   0.01462   0.01133   0.01135   0.08565   0.02303   0.01960   0.02338   1.10466  
 11 207118.8890 815563.923248  x:  0.04530   0.02471   0.01524   0.01601   0.04314   0.02701   0.04696   0.04509   0.00920   0.04219   0.00289   0.01439   0.01133   0.01136   0.08674   0.02318   0.01880   0.02246   1.15082  
 12 196970.1911 815556.845671  x:  0.04567   0.02427   0.01559   0.01555   0.04275   0.02702   0.04628   0.04449   0.00940   0.04157   0.00289   0.01443   0.01132   0.01135   0.08721   0.02355   0.01923   0.02257   1.16316  
 13 74476.4958 815556.731248  x:  0.04568   0.02422   0.01557   0.01558   0.04281   0.02691   0.04622   0.04447   0.00941   0.04154   0.00289   0.01443   0.01132   0.01135   0.08722   0.02356   0.01916   0.02266   1.16336  
 14 1752.2355 815556.726454  x:  0.04568   0.02423   0.01557   0.01558   0.04284   0.02691   0.04619   0.04447   0.00941   0.04154   0.00289   0.01443   0.01132   0.01135   0.08722   0.02355   0.01917   0.02264   1.16337  
 15 223.2370 815556.726307  x:  0.04568   0.02423   0.01557   0.01558   0.04284   0.02692   0.04619   0.04447   0.00941   0.04154   0.00289   0.01443   0.01132   0.01135   0.08722   0.02355   0.01917   0.02265   1.16337  
 16 41.3132 815556.726304  x:  0.04568   0.02423   0.01557   0.01558   0.04284   0.02692   0.04619   0.04447   0.00941   0.04154   0.00289   0.01443   0.01132   0.01135   0.08722   0.02355   0.01917   0.02265   1.16337  
 17  7.9306 815556.726301  x:  0.04568   0.02423   0.01557   0.01558   0.04284   0.02692   0.04619   0.04447   0.00941   0.04154   0.00289   0.01443   0.01132   0.01135   0.08722   0.02355   0.01917   0.02265   1.16337  
 18  1.6160 815556.693561  x:  0.04552   0.02423   0.01558   0.01558   0.04284   0.02691   0.04618   0.04439   0.00940   0.04164   0.00289   0.01443   0.01132   0.01135   0.08721   0.02370   0.01917   0.02265   1.16368  
 19  0.1366 815552.615185  x:  0.02657   0.02411   0.01571   0.01554   0.04313   0.02689   0.04645   0.04475   0.00941   0.04184   0.00289   0.01439   0.01133   0.01137   0.08637   0.04277   0.01925   0.02275   1.20313  
 20 1495.3294 815552.573136  x:  0.00000   0.02412   0.01569   0.01554   0.04310   0.02688   0.04642   0.04475   0.00941   0.04183   0.00289   0.01439   0.01133   0.01137   0.08640   0.06931   0.01925   0.02274   1.20431  
 21  0.1144 815552.573136  x:  0.00000   0.02412   0.01569   0.01554   0.04310   0.02688   0.04642   0.04475   0.00941   0.04183   0.00289   0.01439   0.01133   0.01137   0.08640   0.06931   0.01925   0.02274   1.20431  
 22  0.0624 815552.565157  x:  0.00000   0.02412   0.01567   0.01554   0.04308   0.02687   0.04641   0.04474   0.00941   0.04182   0.00289   0.01439   0.01133   0.01137   0.08642   0.06936   0.01925   0.02273   1.20523  
 23  0.0138 815552.548922  x:  0.00000   0.02413   0.01565   0.01553   0.04305   0.02686   0.04639   0.04475   0.00940   0.04180   0.00289   0.01439   0.01133   0.01136   0.08646   0.06927   0.01925   0.02272   1.20520  
 24  0.0003 815552.538910  x:  0.00000   0.02414   0.01566   0.01553   0.04307   0.02688   0.04641   0.04472   0.00941   0.04179   0.00289   0.01440   0.01133   0.01136   0.08649   0.06925   0.01923   0.02273   1.20620  
 25  0.0004 815552.534418  x:  0.00000   0.02414   0.01566   0.01554   0.04306   0.02687   0.04640   0.04471   0.00941   0.04179   0.00289   0.01440   0.01133   0.01137   0.08647   0.06923   0.01924   0.02273   1.20729  
 26  0.0007 815552.534407  x:  0.00000   0.02414   0.01566   0.01554   0.04306   0.02687   0.04640   0.04471   0.00941   0.04179   0.00289   0.01440   0.01133   0.01137   0.08647   0.06923   0.01924   0.02273   1.20729  
 27  0.0000 815552.534406  x:  0.00000   0.02414   0.01566   0.01554   0.04306   0.02687   0.04640   0.04471   0.00941   0.04179   0.00289   0.01440   0.01133   0.01137   0.08647   0.06923   0.01924   0.02273   1.20729  