

TREE #  1

  0  0.0000 721195.607928  x:  0.05243   0.02207   0.01096   0.00977   0.02189   0.02323   0.03066   0.04018   0.01406   0.04062   0.00311   0.00816   0.01006   0.01017   0.05199   0.00228   0.01946   0.01815   1.03973  
  1 99.0000 721193.274242  x:  0.05227   0.02191   0.01083   0.00959   0.02183   0.02322   0.03063   0.04012   0.01374   0.04049   0.00291   0.00814   0.01008   0.01019   0.05193   0.00212   0.01943   0.01816   1.03977  
  2 8339.9425 721192.157114  x:  0.05214   0.02179   0.01076   0.00951   0.02179   0.02321   0.03060   0.04007   0.01352   0.04038   0.00306   0.00813   0.01008   0.01021   0.05188   0.00199   0.01941   0.01815   1.03980  
  3 12186.8160 721191.727601  x:  0.05201   0.02174   0.01084   0.00965   0.02176   0.02319   0.03056   0.03999   0.01349   0.04024   0.00305   0.00814   0.01004   0.01016   0.05180   0.00187   0.01938   0.01813   1.03986  
  4 3345.7306 721191.555541  x:  0.05195   0.02174   0.01084   0.00960   0.02174   0.02316   0.03051   0.03991   0.01361   0.04012   0.00305   0.00812   0.01006   0.01018   0.05171   0.00181   0.01937   0.01812   1.03995  
  5 1888.4985 721191.496197  x:  0.05198   0.02176   0.01080   0.00959   0.02175   0.02316   0.03051   0.03987   0.01361   0.04007   0.00305   0.00815   0.01003   0.01016   0.05165   0.00183   0.01938   0.01813   1.04007  
  6 940.9791 721191.399566  x:  0.05203   0.02178   0.01080   0.00962   0.02177   0.02317   0.03051   0.03984   0.01358   0.04002   0.00305   0.00810   0.01006   0.01017   0.05154   0.00188   0.01939   0.01813   1.04037  
  7 1752.6787 721191.211664  x:  0.05207   0.02177   0.01088   0.00959   0.02175   0.02317   0.03052   0.03984   0.01355   0.04001   0.00305   0.00818   0.01008   0.01020   0.05143   0.00192   0.01937   0.01811   1.04107  
  8 2979.1129 721189.819491  x:  0.05207   0.02166   0.01099   0.00947   0.02164   0.02316   0.03062   0.03995   0.01358   0.04020   0.00305   0.00806   0.00990   0.01015   0.05104   0.00192   0.01926   0.01805   1.04651  
  9 9611.0674 721185.593235  x:  0.05191   0.02145   0.01065   0.00967   0.02153   0.02313   0.03071   0.04019   0.01373   0.04066   0.00305   0.00815   0.01015   0.01010   0.05038   0.00176   0.01921   0.01804   1.06321  
 10 61666.8367 721172.209304  x:  0.05151   0.02186   0.01080   0.00971   0.02212   0.02310   0.03029   0.04018   0.01358   0.04079   0.00302   0.00813   0.00988   0.01062   0.05033   0.00137   0.01979   0.01846   1.11962  
 11 105705.1778 721159.738694  x:  0.05154   0.02210   0.01098   0.00944   0.02215   0.02313   0.03008   0.03990   0.01345   0.04036   0.00308   0.00813   0.01015   0.00984   0.05098   0.00141   0.01968   0.01827   1.16888  
 12 306590.4944 721152.928158  x:  0.05177   0.02189   0.01081   0.00960   0.02173   0.02315   0.03023   0.03962   0.01349   0.03984   0.00306   0.00812   0.01003   0.01018   0.05161   0.00164   0.01924   0.01794   1.19599  
 13 222619.8280 721152.464866  x:  0.05181   0.02170   0.01084   0.00959   0.02168   0.02312   0.03037   0.03961   0.01355   0.03974   0.00306   0.00813   0.01004   0.01016   0.05168   0.00168   0.01933   0.01811   1.19783  
 14 15173.4091 721152.451601  x:  0.05180   0.02169   0.01084   0.00959   0.02172   0.02312   0.03040   0.03962   0.01356   0.03972   0.00306   0.00813   0.01004   0.01016   0.05168   0.00168   0.01934   0.01809   1.19788  
 15 602.9682 721152.450931  x:  0.05180   0.02170   0.01084   0.00959   0.02171   0.02312   0.03040   0.03964   0.01356   0.03971   0.00306   0.00813   0.01004   0.01016   0.05168   0.00168   0.01934   0.01809   1.19788  
 16 87.6105 721152.450919  x:  0.05180   0.02170   0.01084   0.00959   0.02171   0.02312   0.03040   0.03964   0.01356   0.03971   0.00306   0.00813   0.01004   0.01016   0.05168   0.00168   0.01934   0.01809   1.19788  
 17 14.1126 721152.450918  x:  0.05180   0.02170   0.01084   0.00959   0.02171   0.02312   0.03040   0.03964   0.01356   0.03971   0.00306   0.00813   0.01004   0.01016   0.05168   0.00168   0.01934   0.01809   1.19788  
 18  0.8708 721152.450918  x:  0.05180   0.02170   0.01084   0.00959   0.02171   0.02312   0.03040   0.03964   0.01356   0.03971   0.00306   0.00813   0.01004   0.01016   0.05168   0.00168   0.01934   0.01809   1.19788  
 19 22.7624 721152.299885  x:  0.04084   0.02168   0.01084   0.00959   0.02173   0.02327   0.03040   0.03965   0.01358   0.03976   0.00306   0.00813   0.01004   0.01016   0.05160   0.01263   0.01928   0.01815   1.20187  
 20  0.1518 721151.761911  x:  0.05054   0.02166   0.01082   0.00960   0.02169   0.02312   0.03045   0.03974   0.01360   0.03992   0.00306   0.00813   0.01005   0.01015   0.05133   0.00293   0.01932   0.01809   1.21609  
 21  4.2729 721151.749287  x:  0.05191   0.02166   0.01082   0.00960   0.02170   0.02312   0.03043   0.03973   0.01359   0.03989   0.00306   0.00813   0.01004   0.01015   0.05135   0.00154   0.01933   0.01809   1.21837  
 22  0.0027 721151.749268  x:  0.05144   0.02166   0.01082   0.00960   0.02170   0.02312   0.03043   0.03973   0.01359   0.03989   0.00306   0.00813   0.01004   0.01015   0.05135   0.00200   0.01933   0.01809   1.21843  
 23  0.0008 721151.749268  x:  0.05144   0.02166   0.01082   0.00960   0.02170   0.02312   0.03043   0.03973   0.01359   0.03989   0.00306   0.00813   0.01004   0.01015   0.05135   0.00201   0.01933   0.01809   1.21843  