

TREE #  1

  0  0.0000 868628.150682  x:  0.06612   0.03451   0.01534   0.01592   0.03312   0.03095   0.04646   0.06258   0.01836   0.06300   0.00429   0.01183   0.01292   0.01678   0.07835   0.01312   0.02913   0.03001   0.92230  
  1 99.0000 868626.893342  x:  0.06611   0.03448   0.01534   0.01582   0.03299   0.03110   0.04647   0.06258   0.01834   0.06301   0.00412   0.01204   0.01273   0.01679   0.07833   0.01311   0.02916   0.03000   0.92237  
  2 6168.3165 868626.487601  x:  0.06610   0.03444   0.01534   0.01575   0.03288   0.03123   0.04648   0.06258   0.01833   0.06302   0.00424   0.01210   0.01266   0.01682   0.07832   0.01311   0.02918   0.02998   0.92244  
  3 4409.5875 868626.164370  x:  0.06609   0.03439   0.01536   0.01570   0.03271   0.03141   0.04650   0.06258   0.01831   0.06305   0.00421   0.01200   0.01272   0.01682   0.07829   0.01309   0.02921   0.02995   0.92262  
  4 2829.1400 868625.720184  x:  0.06606   0.03429   0.01539   0.01592   0.03262   0.03146   0.04655   0.06257   0.01834   0.06314   0.00422   0.01210   0.01280   0.01676   0.07819   0.01306   0.02923   0.02991   0.92342  
  5 1468.5803 868623.144382  x:  0.06597   0.03398   0.01536   0.01612   0.03256   0.03132   0.04667   0.06254   0.01847   0.06354   0.00421   0.01187   0.01245   0.01678   0.07768   0.01297   0.02928   0.02980   0.92866  
  6 7994.2696 868615.329455  x:  0.06580   0.03350   0.01523   0.01554   0.03267   0.03088   0.04675   0.06241   0.01864   0.06435   0.00417   0.01207   0.01280   0.01694   0.07643   0.01280   0.02930   0.02970   0.94493  
  7 48468.6927 868595.879518  x:  0.06586   0.03456   0.01589   0.01548   0.03316   0.03155   0.04614   0.06220   0.01799   0.06399   0.00428   0.01201   0.01268   0.01626   0.07551   0.01286   0.02894   0.03017   0.98651  
  8 58983.3671 868582.037570  x:  0.06590   0.03502   0.01519   0.01597   0.03283   0.03165   0.04592   0.06209   0.01800   0.06299   0.00417   0.01203   0.01274   0.01725   0.07616   0.01291   0.02891   0.03016   1.01615  
  9 113807.9569 868574.179604  x:  0.06582   0.03463   0.01505   0.01577   0.03240   0.03122   0.04616   0.06216   0.01841   0.06221   0.00425   0.01202   0.01271   0.01664   0.07744   0.01283   0.02915   0.02985   1.03282  
 10 69853.1929 868572.975829  x:  0.06574   0.03432   0.01542   0.01575   0.03255   0.03123   0.04628   0.06221   0.01834   0.06215   0.00423   0.01203   0.01272   0.01681   0.07783   0.01275   0.02915   0.02981   1.03539  
 11 15493.4387 868572.802070  x:  0.06573   0.03422   0.01533   0.01575   0.03267   0.03131   0.04630   0.06222   0.01828   0.06225   0.00424   0.01203   0.01272   0.01678   0.07796   0.01274   0.02913   0.02987   1.03577  
 12 2416.4854 868572.759017  x:  0.06575   0.03426   0.01534   0.01576   0.03265   0.03132   0.04630   0.06224   0.01831   0.06238   0.00424   0.01203   0.01272   0.01679   0.07805   0.01276   0.02912   0.02990   1.03586  
 13 620.6113 868572.756327  x:  0.06576   0.03427   0.01534   0.01576   0.03265   0.03131   0.04630   0.06224   0.01829   0.06240   0.00424   0.01203   0.01272   0.01679   0.07806   0.01277   0.02913   0.02989   1.03586  
 14 171.3577 868572.756239  x:  0.06576   0.03427   0.01534   0.01576   0.03265   0.03131   0.04630   0.06225   0.01829   0.06240   0.00424   0.01203   0.01272   0.01679   0.07806   0.01277   0.02913   0.02989   1.03586  
 15 23.0597 868572.756226  x:  0.06576   0.03427   0.01534   0.01576   0.03265   0.03131   0.04631   0.06225   0.01829   0.06240   0.00424   0.01203   0.01272   0.01679   0.07806   0.01277   0.02914   0.02989   1.03586  
 16  6.6206 868572.756226  x:  0.06576   0.03427   0.01534   0.01576   0.03265   0.03131   0.04631   0.06225   0.01829   0.06240   0.00424   0.01203   0.01272   0.01679   0.07806   0.01277   0.02914   0.02989   1.03586  
 17  1.7379 868572.585838  x:  0.06573   0.03419   0.01537   0.01571   0.03268   0.03126   0.04633   0.06224   0.01832   0.06256   0.00420   0.01200   0.01269   0.01674   0.07787   0.01274   0.02914   0.02987   1.03588  
 18 1150.2044 868572.525592  x:  0.06573   0.03415   0.01537   0.01571   0.03268   0.03124   0.04634   0.06224   0.01832   0.06263   0.00425   0.01201   0.01270   0.01675   0.07778   0.01273   0.02914   0.02987   1.03589  
 19 2635.4989 868572.500806  x:  0.06572   0.03415   0.01536   0.01573   0.03268   0.03125   0.04634   0.06223   0.01832   0.06266   0.00423   0.01203   0.01272   0.01677   0.07772   0.01273   0.02914   0.02986   1.03590  
 20 947.1875 868572.492792  x:  0.06573   0.03416   0.01535   0.01575   0.03267   0.03127   0.04633   0.06223   0.01832   0.06266   0.00423   0.01202   0.01271   0.01678   0.07769   0.01273   0.02914   0.02987   1.03591  
 21 406.7440 868572.489437  x:  0.06573   0.03418   0.01535   0.01574   0.03266   0.03128   0.04633   0.06222   0.01831   0.06266   0.00423   0.01202   0.01271   0.01677   0.07766   0.01274   0.02914   0.02987   1.03593  
 22 232.1069 868572.487629  x:  0.06573   0.03419   0.01536   0.01573   0.03266   0.03127   0.04632   0.06222   0.01831   0.06265   0.00423   0.01202   0.01272   0.01677   0.07765   0.01274   0.02913   0.02987   1.03596  
 23 130.3846 868572.484530  x:  0.06573   0.03419   0.01536   0.01573   0.03267   0.03125   0.04632   0.06222   0.01832   0.06262   0.00423   0.01202   0.01271   0.01678   0.07763   0.01274   0.02913   0.02987   1.03604  
 24 303.6031 868572.475383  x:  0.06572   0.03417   0.01534   0.01575   0.03267   0.03125   0.04632   0.06221   0.01832   0.06258   0.00423   0.01202   0.01272   0.01676   0.07761   0.01273   0.02913   0.02986   1.03628  
 25 504.0946 868572.441739  x:  0.06569   0.03411   0.01535   0.01571   0.03264   0.03129   0.04632   0.06219   0.01833   0.06253   0.00423   0.01202   0.01271   0.01678   0.07758   0.01270   0.02913   0.02986   1.03724  
 26 1413.2187 868572.271749  x:  0.06568   0.03411   0.01547   0.01578   0.03260   0.03129   0.04631   0.06215   0.01835   0.06255   0.00424   0.01202   0.01271   0.01674   0.07759   0.01269   0.02911   0.02987   1.04213  
 27 4166.8017 868572.085910  x:  0.06569   0.03416   0.01535   0.01574   0.03263   0.03124   0.04629   0.06212   0.01833   0.06261   0.00423   0.01202   0.01271   0.01677   0.07762   0.01271   0.02911   0.02988   1.04749  
 28 21309.0174 868572.075596  x:  0.06569   0.03416   0.01536   0.01573   0.03266   0.03126   0.04630   0.06216   0.01830   0.06261   0.00423   0.01202   0.01271   0.01677   0.07761   0.01271   0.02913   0.02986   1.04779  
 29 1277.7699 868572.074023  x:  0.06569   0.03416   0.01535   0.01573   0.03266   0.03126   0.04631   0.06219   0.01831   0.06261   0.00423   0.01202   0.01271   0.01677   0.07761   0.01271   0.02913   0.02986   1.04783  
 30 196.1054 868572.073976  x:  0.06569   0.03416   0.01535   0.01573   0.03266   0.03126   0.04631   0.06219   0.01831   0.06261   0.00423   0.01202   0.01271   0.01677   0.07761   0.01271   0.02913   0.02986   1.04783  
 31 25.0609 868572.073974  x:  0.06569   0.03416   0.01535   0.01573   0.03266   0.03126   0.04631   0.06219   0.01831   0.06261   0.00423   0.01202   0.01271   0.01677   0.07761   0.01271   0.02913   0.02986   1.04783  
 32  3.5050 868572.073974  x:  0.06569   0.03416   0.01535   0.01573   0.03266   0.03126   0.04631   0.06219   0.01831   0.06261   0.00423   0.01202   0.01271   0.01677   0.07761   0.01271   0.02913   0.02986   1.04783  
 33  0.6583 868572.073974  x:  0.06569   0.03416   0.01535   0.01573   0.03266   0.03126   0.04631   0.06219   0.01831   0.06261   0.00423   0.01202   0.01271   0.01677   0.07761   0.01271   0.02913   0.02986   1.04783  
 34 12.9473 868572.073974  x:  0.06569   0.03416   0.01535   0.01573   0.03266   0.03126   0.04631   0.06219   0.01831   0.06261   0.00423   0.01202   0.01271   0.01677   0.07761   0.01271   0.02913   0.02986   1.04783  
 35  0.0366 868572.073973  x:  0.06566   0.03416   0.01535   0.01573   0.03266   0.03126   0.04631   0.06219   0.01831   0.06261   0.00423   0.01202   0.01271   0.01677   0.07761   0.01274   0.02913   0.02986   1.04783  
 36  0.1733 868572.073951  x:  0.06567   0.03416   0.01535   0.01573   0.03266   0.03126   0.04631   0.06219   0.01831   0.06261   0.00423   0.01202   0.01271   0.01677   0.07761   0.01272   0.02913   0.02986   1.04786  
 37  0.0001 868572.073934  x:  0.06559   0.03416   0.01536   0.01573   0.03266   0.03126   0.04631   0.06219   0.01831   0.06260   0.00423   0.01202   0.01271   0.01677   0.07761   0.01281   0.02913   0.02986   1.04789  