911970311
210854355
-1181711977
-615503961
-1952966501
-1374768123
790853271
754026287
1789607045
1528956255
-1660312257
388495879
-738861083
1695996311
1913280503
-988256603
-1750373591
901343621
-205578137
988530935
-94813313
2065308975
2078497285
-145927231
887667257
958038257
-1170725141
321136049
-2146025017
-230033229
-313587547
-328133933
1633278781
-849518073
-1674853133
91911017
1088421151
1987216373
-1519710751
2101183691
-618344739
611620303
-1251816147
2094353511
543315947
-1269450213
492522323
386794989
56563783
163636541
-592068177
-657653313
-451943997
-2103345357
-1069347703
2023598159
-1322029415
-501147457
1321791465
1051232381
689286033
-212141127
-12659425
1335239833
-1234059105
15740153
-1731864273
-438106653
1216543383
1090004261
