1.4929745195195194
0.8092224703839132
1.2097453835432863
1.0108780679887415
0.6446805022167953
0.8466942622985043
1.0691850436570831
1.0953105634037041
0.9232416215449167
0.8090573359163534
0.6606033648967728
0.9543288708491238
1.139590128394833
0.906089546224197
0.8196732694093385
0.670684660438458
1.452709157787084
1.0482144422764523
1.3002413418829037
1.2114152245417418
0.7298980215008943
1.0738685199916398
1.098423040930691
1.0494214669134443
0.8072775249643604
1.0866291591766586
0.6504967419791167
0.9397890091833834
1.1340139230354012
0.9248347021902822
0.8801182311613931
1.2525512602779394
0.9350585407362155
0.9328189590988085
0.6993850810866247
0.960743458258889
1.1809773038534979
1.215169555912377
0.5863373962200024
1.3646680834799398
0.6426012824658236
0.7139195673439269
0.9639938833272383
0.786108304331338
1.2252837220564357
1.5052062334243432
0.7148569770570501
1.0424601049086069
0.7831422743156827
1.1425726658692472
0.9859352406743618
1.1513966435106162
0.5233053064760943
1.3350145693485276
1.109924211382743
0.4851011729009249
1.1792745505286322
0.9360538400570881
1.1039993492867441
1.0937498177153915
1.3995259002066343
1.187319623681812
1.3840953743212725
0.8807700098178487
1.3232534614131373
1.339782528379036
0.9583538403404941
0.7775914274233178
0.8620315075966132
1.2288907087414316