

TREE #  1

  0  0.0000 839591.621469  x:  0.04202   0.03120   0.01813   0.01042   0.02656   0.02175   0.04631   0.05433   0.01909   0.05614   0.00381   0.00975   0.01624   0.01393   0.07683   0.04422   0.02109   0.03901   1.09803  
  1 99.0000 839490.785850  x:  0.04092   0.02953   0.01664   0.01044   0.02640   0.02199   0.04595   0.05410   0.01688   0.05542   0.00251   0.01065   0.01587   0.01426   0.07640   0.04311   0.02173   0.03864   1.09845  
  2 46002.5947 839435.856222  x:  0.03993   0.02818   0.01560   0.01044   0.02625   0.02212   0.04561   0.05387   0.01519   0.05480   0.00349   0.01095   0.01562   0.01451   0.07601   0.04213   0.02218   0.03828   1.09886  
  3 97318.7215 839412.796620  x:  0.03895   0.02745   0.01579   0.01046   0.02607   0.02197   0.04519   0.05358   0.01487   0.05417   0.00340   0.00969   0.01568   0.01410   0.07550   0.04114   0.02220   0.03780   1.09949  
  4 24482.4819 839396.361516  x:  0.03779   0.02711   0.01642   0.01034   0.02582   0.02164   0.04458   0.05309   0.01552   0.05331   0.00343   0.01024   0.01573   0.01380   0.07468   0.03998   0.02195   0.03713   1.10066  
  5 19202.8564 839389.041530  x:  0.03755   0.02745   0.01598   0.01036   0.02584   0.02170   0.04430   0.05266   0.01602   0.05276   0.00340   0.01007   0.01548   0.01445   0.07389   0.03974   0.02189   0.03697   1.10225  
  6 9957.2401 839372.516623  x:  0.03785   0.02823   0.01541   0.01046   0.02597   0.02189   0.04406   0.05189   0.01588   0.05178   0.00344   0.01011   0.01570   0.01358   0.07197   0.04004   0.02199   0.03711   1.10776  
  7 14647.5917 839335.616845  x:  0.03864   0.02809   0.01691   0.01005   0.02575   0.02148   0.04421   0.05140   0.01477   0.05108   0.00340   0.01013   0.01558   0.01431   0.06928   0.04083   0.02192   0.03746   1.12236  
  8 34118.1780 839125.784826  x:  0.03962   0.02345   0.01609   0.01220   0.02494   0.02100   0.04565   0.05260   0.01697   0.05324   0.00341   0.01016   0.01478   0.01393   0.06484   0.04182   0.02085   0.03747   1.20969  
  9 83666.4649 838770.944692  x:  0.03853   0.02300   0.01476   0.00756   0.02538   0.02177   0.04594   0.05423   0.01782   0.05569   0.00338   0.00995   0.01662   0.01390   0.06416   0.04072   0.02143   0.03690   1.34804  
 10 459406.2405 838001.306007  x:  0.03377   0.02997   0.01646   0.01168   0.02755   0.02375   0.04437   0.05639   0.01459   0.05822   0.00337   0.01029   0.01788   0.01491   0.06916   0.03596   0.02430   0.03533   1.69708  
 11 1251495.5212 837732.820109  x:  0.03409   0.03094   0.01611   0.01082   0.02624   0.02147   0.04299   0.05430   0.01382   0.05503   0.00347   0.01021   0.01344   0.01342   0.07444   0.03628   0.02315   0.03579   1.80483  
 12 579020.9001 837609.244935  x:  0.03515   0.02969   0.01575   0.01131   0.02522   0.02067   0.04223   0.05169   0.01397   0.05114   0.00342   0.01021   0.01574   0.01410   0.07853   0.03735   0.02196   0.03634   1.85782  
 13 345191.1407 837594.609407  x:  0.03537   0.02905   0.01621   0.01124   0.02583   0.02190   0.04247   0.05112   0.01435   0.05020   0.00345   0.01022   0.01550   0.01407   0.07918   0.03756   0.02241   0.03640   1.86410  
 14 49551.5251 837594.156715  x:  0.03536   0.02904   0.01620   0.01124   0.02598   0.02173   0.04270   0.05110   0.01439   0.05010   0.00345   0.01022   0.01550   0.01407   0.07921   0.03755   0.02256   0.03634   1.86430  
 15 2718.5110 837594.125775  x:  0.03535   0.02905   0.01619   0.01124   0.02595   0.02175   0.04278   0.05111   0.01438   0.05008   0.00345   0.01022   0.01550   0.01407   0.07921   0.03754   0.02253   0.03631   1.86431  
 16 614.9299 837594.125486  x:  0.03535   0.02905   0.01619   0.01124   0.02595   0.02175   0.04278   0.05112   0.01438   0.05007   0.00345   0.01022   0.01550   0.01407   0.07921   0.03754   0.02253   0.03632   1.86431  
 17 38.8086 837594.125275  x:  0.03535   0.02905   0.01619   0.01124   0.02595   0.02175   0.04278   0.05112   0.01438   0.05007   0.00345   0.01022   0.01550   0.01407   0.07921   0.03754   0.02253   0.03632   1.86431  
 18 17.9763 837594.115850  x:  0.03537   0.02905   0.01619   0.01124   0.02594   0.02175   0.04276   0.05114   0.01438   0.05006   0.00345   0.01022   0.01550   0.01407   0.07921   0.03756   0.02254   0.03627   1.86432  
 19  5.7211 837032.385784  x:  0.04390   0.02737   0.01636   0.01021   0.02559   0.02119   0.04548   0.05250   0.01834   0.05370   0.00365   0.00986   0.01527   0.01348   0.06982   0.03845   0.02045   0.03807   2.58638  
 20 52.3050 836937.081234  x:  0.08058   0.02691   0.01622   0.01017   0.02553   0.02125   0.04500   0.05212   0.01777   0.05295   0.00359   0.00992   0.01532   0.01358   0.06983   0.00000   0.02088   0.03763   2.69691  
 21  0.3536 836935.205098  x:  0.08178   0.02680   0.01618   0.01016   0.02552   0.02126   0.04488   0.05202   0.01763   0.05277   0.00358   0.00993   0.01534   0.01360   0.06983   0.00000   0.02098   0.03752   2.72388  
 22 864.5643 836935.205098  x:  0.08178   0.02680   0.01618   0.01016   0.02552   0.02126   0.04488   0.05202   0.01763   0.05277   0.00358   0.00993   0.01534   0.01360   0.06983   0.00000   0.02098   0.03752   2.72388  
 23  1.9690 836896.660908  x:  0.08009   0.02681   0.01606   0.01072   0.02574   0.02169   0.04438   0.05196   0.01568   0.05226   0.00310   0.01038   0.01583   0.01422   0.07045   0.00000   0.02181   0.03708   2.72393  
 24 23937.3351 836887.356954  x:  0.07932   0.02686   0.01603   0.01068   0.02579   0.02177   0.04418   0.05193   0.01522   0.05208   0.00366   0.01031   0.01586   0.01427   0.07073   0.00000   0.02202   0.03690   2.72396  
 25 33277.7617 836873.270763  x:  0.07737   0.02710   0.01604   0.01016   0.02579   0.02171   0.04378   0.05186   0.01513   0.05173   0.00349   0.00974   0.01556   0.01381   0.07145   0.00000   0.02217   0.03652   2.72404  
 26 21992.2281 836866.451764  x:  0.07598   0.02721   0.01608   0.01035   0.02571   0.02156   0.04364   0.05180   0.01567   0.05158   0.00352   0.01022   0.01548   0.01376   0.07189   0.00000   0.02200   0.03637   2.72412  
 27 16018.2219 836865.525691  x:  0.07570   0.02714   0.01607   0.01045   0.02568   0.02155   0.04371   0.05178   0.01580   0.05159   0.00351   0.01005   0.01560   0.01395   0.07192   0.00000   0.02191   0.03645   2.72417  
 28 5356.3081 836865.253747  x:  0.07555   0.02703   0.01604   0.01036   0.02567   0.02158   0.04383   0.05178   0.01578   0.05164   0.00351   0.01009   0.01563   0.01395   0.07187   0.00000   0.02187   0.03660   2.72425  
 29 2112.8799 836865.183043  x:  0.07550   0.02701   0.01606   0.01041   0.02568   0.02158   0.04388   0.05178   0.01576   0.05167   0.00351   0.01008   0.01559   0.01391   0.07182   0.00000   0.02188   0.03665   2.72431  
 30 1371.7801 836865.099946  x:  0.07544   0.02709   0.01608   0.01039   0.02570   0.02156   0.04391   0.05178   0.01576   0.05173   0.00351   0.01008   0.01558   0.01395   0.07169   0.00000   0.02192   0.03664   2.72457  
 31 720.9070 836864.964234  x:  0.07539   0.02713   0.01603   0.01041   0.02569   0.02158   0.04389   0.05179   0.01576   0.05177   0.00351   0.01008   0.01565   0.01389   0.07153   0.00000   0.02191   0.03658   2.72514  
 32 1700.3030 836864.446822  x:  0.07532   0.02698   0.01598   0.01040   0.02563   0.02164   0.04374   0.05178   0.01574   0.05175   0.00351   0.01008   0.01551   0.01396   0.07125   0.00000   0.02178   0.03644   2.72757  
 33 4094.4330 836861.688277  x:  0.07525   0.02656   0.01641   0.01038   0.02560   0.02143   0.04336   0.05171   0.01583   0.05140   0.00351   0.01007   0.01569   0.01387   0.07079   0.00000   0.02193   0.03646   2.74093  
 34 15554.4304 836838.834490  x:  0.07515   0.02664   0.01532   0.01046   0.02604   0.02130   0.04294   0.05118   0.01633   0.04963   0.00353   0.01005   0.01544   0.01391   0.06998   0.00000   0.02270   0.03738   2.85131  
 35 84483.1464 836747.038188  x:  0.07490   0.02867   0.01669   0.01030   0.02559   0.02254   0.04403   0.05049   0.01561   0.04737   0.00354   0.01008   0.01567   0.01387   0.06969   0.00000   0.02055   0.03769   3.31557  
 36 609281.9224 836581.150613  x:  0.07446   0.02661   0.01585   0.01047   0.02453   0.02021   0.04524   0.05150   0.01514   0.05206   0.00352   0.01008   0.01557   0.01387   0.07209   0.00000   0.02173   0.03489   4.17270  
 37 1520158.2890 836559.735120  x:  0.07435   0.02630   0.01618   0.01039   0.02549   0.02159   0.04444   0.05192   0.01568   0.05342   0.00353   0.01008   0.01561   0.01389   0.07254   0.00000   0.02220   0.03507   4.27866  
 38 702401.3739 836557.371064  x:  0.07433   0.02649   0.01614   0.01042   0.02552   0.02138   0.04383   0.05211   0.01551   0.05379   0.00353   0.01008   0.01561   0.01389   0.07261   0.00000   0.02193   0.03556   4.29013  
 39 60257.9630 836557.346409  x:  0.07433   0.02650   0.01614   0.01042   0.02546   0.02141   0.04382   0.05211   0.01552   0.05380   0.00353   0.01008   0.01561   0.01389   0.07261   0.00000   0.02196   0.03558   4.29024  
 40 1109.4277 836557.023131  x:  0.07433   0.02650   0.01614   0.01042   0.02546   0.02140   0.04382   0.05212   0.01552   0.05380   0.00353   0.01008   0.01561   0.01389   0.07261   0.00053   0.02196   0.03558   4.29024  
 41 1226.9845 836557.022910  x:  0.07433   0.02650   0.01614   0.01042   0.02546   0.02140   0.04382   0.05213   0.01552   0.05379   0.00353   0.01008   0.01561   0.01389   0.07261   0.00053   0.02196   0.03558   4.29024  
 42 36.2926 836479.413088  x:  0.07341   0.02684   0.01579   0.01039   0.02587   0.02145   0.04329   0.05096   0.01639   0.04982   0.00349   0.01003   0.01546   0.01381   0.06939   0.00091   0.02213   0.03716   5.46535  
 43  0.4576 836444.985284  x:  0.07293   0.02686   0.01617   0.01042   0.02542   0.02167   0.04348   0.05140   0.01550   0.05167   0.00354   0.01010   0.01563   0.01389   0.07169   0.00137   0.02154   0.03605   6.56992  
 44  0.4578 836430.671074  x:  0.07210   0.02663   0.01594   0.01039   0.02557   0.02129   0.04365   0.05116   0.01611   0.05065   0.00353   0.01002   0.01549   0.01380   0.07002   0.00194   0.02202   0.03632   7.83753  
 45  0.4971 836426.848766  x:  0.07169   0.02681   0.01601   0.01042   0.02553   0.02153   0.04339   0.05119   0.01576   0.05105   0.00352   0.01008   0.01557   0.01385   0.07078   0.00240   0.02176   0.03627   8.64395  
 46  0.3999 836426.161021  x:  0.07136   0.02669   0.01601   0.01040   0.02552   0.02143   0.04351   0.05117   0.01591   0.05089   0.00353   0.01005   0.01553   0.01382   0.07046   0.00264   0.02183   0.03626   9.18747  
 47  0.2808 836426.119747  x:  0.07131   0.02673   0.01600   0.01041   0.02553   0.02145   0.04347   0.05117   0.01587   0.05093   0.00353   0.01006   0.01554   0.01383   0.07053   0.00270   0.02182   0.03626   9.26837  
 48  0.0656 836426.118900  x:  0.07130   0.02673   0.01600   0.01041   0.02553   0.02145   0.04347   0.05117   0.01587   0.05092   0.00353   0.01006   0.01554   0.01383   0.07053   0.00271   0.02182   0.03626   9.29153  
 49  0.0194 836426.118896  x:  0.07130   0.02673   0.01600   0.01041   0.02553   0.02145   0.04347   0.05117   0.01587   0.05092   0.00353   0.01006   0.01554   0.01383   0.07053   0.00271   0.02182   0.03626   9.29230  
 50  0.0008 836426.118895  x:  0.07130   0.02673   0.01600   0.01041   0.02553   0.02145   0.04347   0.05117   0.01587   0.05092   0.00353   0.01006   0.01554   0.01383   0.07053   0.00271   0.02182   0.03626   9.29229  