1.8002471943748966
0.7858771360110598
0.3670848475898517
0.962687838006643
0.9963458536425437
1.050087311872706
1.4167156223878468
0.7795905672167334
0.9441015314848574
1.1650009156616212
0.750665561069034
0.904165959886374
0.8107791410238905
0.8789425357873046
0.6183852021031511
1.614521141848516
0.974195197338713
0.6004289583469393
0.7626286077313335
0.5284700813695429
0.9138192705472815
0.9762476578470847
0.7654642281876443
0.8315280592316898
0.7686929703106663
0.6816514210436363
0.8043163844373112
0.8198834843204852
0.8891151236864829
1.678470628314061
0.9982077604338976
1.0493127004461227
1.1980043209450861
0.8816728763596302
0.9245137320348065
1.3640679931753796
0.9584664238991529
1.020973449129226
0.7424673540271106
0.6772391411321519
0.9918369696596134
1.0525769692358382
0.5882539710339978
0.8678371104311204
0.8625350462735363
0.5352848425320568
0.8146239508553901
0.8237937541754896
1.2498185459518174
0.9572281964458628
0.8251936407817418
0.9311519492776551
1.0578137861328953
1.1101622789432457
0.3382035123947742
1.0668921973735874
1.2592331045075682
0.9522304442551038
0.5532371115451336
0.8174013195408092
0.7054373420877873
1.171233581230403
1.0125328487572176
0.6280049375891367
0.8487114804494434
1.3449160285028505
1.2640364132387834
0.9250423857011981
0.758076131922707
0.8069980017000422