

TREE #  1

  0  0.0000 933198.910068  x:  0.04519   0.04482   0.01855   0.01775   0.03491   0.03467   0.05354   0.07287   0.02504   0.07476   0.00501   0.01354   0.01320   0.01825   0.09430   0.05601   0.03238   0.03271   0.94752  
  1 99.0000 933007.426333  x:  0.04309   0.04137   0.01565   0.01575   0.03488   0.03486   0.05323   0.07237   0.02033   0.07344   0.00352   0.01407   0.01359   0.01886   0.09363   0.05390   0.03255   0.03287   0.94912  
  2 45321.6344 932963.463020  x:  0.04226   0.04018   0.01519   0.01549   0.03481   0.03485   0.05306   0.07214   0.01891   0.07292   0.00486   0.01396   0.01348   0.01898   0.09332   0.05307   0.03252   0.03284   0.94991  
  3 70448.1361 932918.225961  x:  0.04069   0.03854   0.01647   0.01656   0.03448   0.03456   0.05260   0.07153   0.01794   0.07180   0.00462   0.01302   0.01269   0.01816   0.09255   0.05150   0.03217   0.03247   0.95207  
  4 29922.8026 932880.122130  x:  0.03910   0.03747   0.01715   0.01646   0.03389   0.03393   0.05176   0.07038   0.01915   0.07031   0.00467   0.01407   0.01366   0.01791   0.09129   0.04991   0.03162   0.03192   0.95616  
  5 24131.2668 932832.101866  x:  0.03805   0.03719   0.01623   0.01545   0.03348   0.03344   0.05079   0.06878   0.02111   0.06846   0.00461   0.01309   0.01257   0.01846   0.08941   0.04887   0.03135   0.03164   0.96353  
  6 34263.0920 932671.162829  x:  0.03913   0.03908   0.01424   0.01767   0.03405   0.03401   0.04968   0.06519   0.02047   0.06404   0.00470   0.01270   0.01357   0.01730   0.08339   0.04994   0.03193   0.03223   0.99549  
  7 42409.5082 932445.169236  x:  0.04072   0.04050   0.01727   0.01558   0.03408   0.03415   0.04982   0.06370   0.01821   0.06176   0.00462   0.01495   0.01146   0.01836   0.07838   0.05154   0.03188   0.03219   1.04376  
  8 149718.9921 931976.389155  x:  0.04165   0.03969   0.01993   0.01228   0.03319   0.03340   0.05153   0.06535   0.01702   0.06359   0.00453   0.01087   0.01540   0.01909   0.07576   0.05247   0.03068   0.03101   1.14545  
  9 284838.4220 930337.717318  x:  0.03985   0.03173   0.01382   0.01806   0.03136   0.03163   0.05714   0.07516   0.02028   0.07682   0.00453   0.01421   0.01229   0.01833   0.07943   0.05067   0.02833   0.02864   1.52959  
 10 805945.4333 929777.405840  x:  0.03556   0.03468   0.01522   0.01701   0.03524   0.03504   0.05296   0.07539   0.02074   0.07757   0.00478   0.01451   0.01247   0.01717   0.08995   0.04637   0.03449   0.03470   1.65840  
 11 419750.0378 929637.779756  x:  0.03572   0.03677   0.01516   0.01813   0.03461   0.03457   0.05039   0.07327   0.01909   0.07483   0.00457   0.01439   0.01271   0.01950   0.09708   0.04654   0.03234   0.03263   1.68980  
 12 111043.2599 929609.401648  x:  0.03632   0.03665   0.01495   0.01733   0.03417   0.03418   0.05039   0.07241   0.01893   0.07365   0.00472   0.01448   0.01246   0.01777   0.09918   0.04713   0.03184   0.03214   1.69594  
 13 45823.1127 929603.483601  x:  0.03672   0.03583   0.01513   0.01743   0.03411   0.03411   0.05119   0.07194   0.01921   0.07285   0.00471   0.01445   0.01253   0.01805   0.09991   0.04753   0.03219   0.03246   1.69726  
 14 9194.2077 929603.348388  x:  0.03668   0.03587   0.01512   0.01742   0.03421   0.03421   0.05134   0.07197   0.01923   0.07277   0.00471   0.01445   0.01253   0.01805   0.09993   0.04749   0.03213   0.03241   1.69729  
 15 1110.5209 929603.338828  x:  0.03667   0.03589   0.01512   0.01742   0.03419   0.03419   0.05137   0.07201   0.01923   0.07273   0.00471   0.01445   0.01253   0.01805   0.09993   0.04748   0.03214   0.03242   1.69729  
 16 271.0207 929603.337610  x:  0.03667   0.03589   0.01512   0.01742   0.03419   0.03419   0.05136   0.07203   0.01923   0.07272   0.00471   0.01445   0.01253   0.01805   0.09993   0.04749   0.03214   0.03242   1.69729  
 17 75.4689 929603.254216  x:  0.03667   0.03588   0.01512   0.01742   0.03419   0.03419   0.05135   0.07203   0.01923   0.07272   0.00471   0.01445   0.01253   0.01805   0.09993   0.04749   0.03200   0.03255   1.69734  
 18  0.9730 928721.865772  x:  0.03494   0.04187   0.01874   0.01666   0.03792   0.03014   0.05003   0.06640   0.02156   0.06578   0.00506   0.01322   0.01392   0.01738   0.08477   0.05644   0.03168   0.03221   2.27760  
 19 242.7714 928634.396373  x:  0.03475   0.04243   0.01910   0.01660   0.03416   0.03407   0.04987   0.06586   0.02199   0.06513   0.00510   0.01310   0.01405   0.01732   0.08333   0.05727   0.03182   0.03214   2.33255  
 20 273377.7380 928352.095626  x:  0.08873   0.04018   0.01785   0.01599   0.03368   0.03406   0.04999   0.06598   0.02039   0.06518   0.00484   0.01317   0.01349   0.01777   0.08427   0.00000   0.03171   0.03192   2.53664  
 21  0.3090 928339.320677  x:  0.09234   0.03977   0.01762   0.01588   0.03360   0.03405   0.05001   0.06600   0.02009   0.06519   0.00479   0.01318   0.01339   0.01786   0.08444   0.00000   0.03169   0.03188   2.57428  
 22 12208.3844 928339.320677  x:  0.09234   0.03977   0.01762   0.01588   0.03360   0.03405   0.05001   0.06600   0.02009   0.06519   0.00479   0.01318   0.01339   0.01786   0.08444   0.00000   0.03169   0.03188   2.57428  
 23  0.3610 928297.925678  x:  0.09062   0.03814   0.01585   0.01633   0.03371   0.03373   0.05057   0.06695   0.01956   0.06630   0.00474   0.01379   0.01244   0.01813   0.08529   0.00000   0.03142   0.03171   2.57440  
 24 21364.6957 928279.938581  x:  0.08885   0.03712   0.01594   0.01631   0.03373   0.03355   0.05097   0.06785   0.01946   0.06731   0.00481   0.01323   0.01339   0.01804   0.08613   0.00000   0.03130   0.03164   2.57456  
 25 19536.0406 928273.995584  x:  0.08784   0.03707   0.01663   0.01614   0.03370   0.03359   0.05104   0.06824   0.01966   0.06776   0.00462   0.01335   0.01303   0.01794   0.08659   0.00000   0.03136   0.03169   2.57470  
 26 12410.0151 928273.133015  x:  0.08761   0.03717   0.01668   0.01612   0.03370   0.03362   0.05101   0.06828   0.01971   0.06782   0.00482   0.01339   0.01299   0.01797   0.08667   0.00000   0.03139   0.03171   2.57475  
 27 7704.5751 928271.917802  x:  0.08709   0.03763   0.01649   0.01614   0.03369   0.03376   0.05087   0.06824   0.01979   0.06783   0.00475   0.01345   0.01308   0.01805   0.08686   0.00000   0.03150   0.03179   2.57495  
 28 4732.4395 928271.725564  x:  0.08697   0.03770   0.01647   0.01616   0.03369   0.03374   0.05084   0.06819   0.01972   0.06778   0.00476   0.01334   0.01302   0.01800   0.08689   0.00000   0.03148   0.03177   2.57508  
 29 1928.5510 928271.507361  x:  0.08682   0.03771   0.01651   0.01617   0.03370   0.03367   0.05081   0.06807   0.01959   0.06764   0.00476   0.01341   0.01305   0.01795   0.08689   0.00000   0.03142   0.03172   2.57541  
 30 1754.3896 928271.050433  x:  0.08662   0.03757   0.01652   0.01608   0.03367   0.03361   0.05080   0.06786   0.01969   0.06740   0.00475   0.01337   0.01303   0.01813   0.08686   0.00000   0.03139   0.03170   2.57649  
 31 2120.9767 928269.926230  x:  0.08638   0.03732   0.01648   0.01622   0.03364   0.03368   0.05083   0.06762   0.02001   0.06712   0.00477   0.01339   0.01304   0.01788   0.08674   0.00000   0.03147   0.03178   2.57949  
 32 6297.5244 928243.695533  x:  0.08536   0.03681   0.01654   0.01572   0.03378   0.03539   0.05129   0.06809   0.01902   0.06655   0.00477   0.01338   0.01302   0.01797   0.08441   0.00000   0.03233   0.03228   2.65339  
 33 14772.1663 928126.921369  x:  0.08349   0.03808   0.01669   0.01740   0.03366   0.03353   0.05159   0.07003   0.02023   0.06695   0.00471   0.01337   0.01305   0.01858   0.07890   0.00000   0.03075   0.03083   2.98721  
 34 328243.3839 928013.326225  x:  0.08381   0.03821   0.01554   0.01436   0.03331   0.03168   0.05055   0.06963   0.02076   0.06762   0.00484   0.01331   0.01294   0.01688   0.07959   0.00000   0.03064   0.03127   3.29865  
 35 865699.9311 927777.685795  x:  0.08664   0.03667   0.01678   0.01673   0.03327   0.03205   0.04816   0.06597   0.01925   0.06836   0.00478   0.01338   0.01303   0.01814   0.08828   0.00000   0.03191   0.03313   3.99351  
 36 1540247.9121 927749.630315  x:  0.08715   0.03697   0.01667   0.01641   0.03363   0.03360   0.04959   0.06577   0.01958   0.06774   0.00480   0.01339   0.01304   0.01804   0.09010   0.00000   0.03097   0.03147   4.07236  
 37 361158.6842 927747.160875  x:  0.08724   0.03718   0.01666   0.01644   0.03355   0.03330   0.05032   0.06615   0.01955   0.06717   0.00481   0.01339   0.01305   0.01805   0.09045   0.00000   0.03129   0.03160   4.07934  
 38 26714.8318 927747.031439  x:  0.08725   0.03716   0.01665   0.01644   0.03358   0.03332   0.05022   0.06633   0.01957   0.06701   0.00481   0.01339   0.01305   0.01805   0.09051   0.00000   0.03120   0.03166   4.07971  
 39 1518.7786 927747.027906  x:  0.08725   0.03715   0.01665   0.01644   0.03357   0.03332   0.05020   0.06634   0.01957   0.06700   0.00481   0.01339   0.01305   0.01805   0.09051   0.00000   0.03122   0.03164   4.07972  
 40 192.4378 927747.027842  x:  0.08725   0.03715   0.01665   0.01644   0.03357   0.03332   0.05020   0.06634   0.01957   0.06700   0.00481   0.01339   0.01305   0.01805   0.09051   0.00000   0.03123   0.03163   4.07972  
 41  6.0634 927590.301830  x:  0.08359   0.03698   0.01627   0.01581   0.03350   0.03453   0.05092   0.06806   0.01967   0.06637   0.00481   0.01339   0.01290   0.01776   0.08217   0.00000   0.03170   0.03171   5.55347  
 42  1.8423 927587.356484  x:  0.08347   0.03698   0.01626   0.01579   0.03350   0.03457   0.05094   0.06812   0.01968   0.06635   0.00481   0.01338   0.01289   0.01775   0.08191   0.00179   0.03171   0.03171   5.59985  
 43 86589.8785 927531.917035  x:  0.08186   0.03722   0.01655   0.01628   0.03345   0.03286   0.05030   0.06697   0.01982   0.06627   0.00482   0.01337   0.01303   0.01797   0.08678   0.00366   0.03078   0.03117   6.63054  
 44  0.4969 927503.594188  x:  0.07840   0.03679   0.01644   0.01604   0.03339   0.03384   0.04999   0.06678   0.01966   0.06668   0.00484   0.01337   0.01295   0.01781   0.08416   0.00587   0.03170   0.03198   8.26635  
 45  0.5397 927495.107157  x:  0.07664   0.03704   0.01646   0.01614   0.03343   0.03328   0.05037   0.06707   0.01976   0.06609   0.00483   0.01337   0.01298   0.01788   0.08508   0.00813   0.03100   0.03128   9.19206  
 46  0.4903 927492.825152  x:  0.07471   0.03691   0.01649   0.01612   0.03339   0.03345   0.05013   0.06685   0.01975   0.06632   0.00484   0.01337   0.01298   0.01785   0.08487   0.00980   0.03128   0.03159  10.15823  
 47  0.4086 927492.627308  x:  0.07425   0.03694   0.01646   0.01612   0.03340   0.03340   0.05021   0.06690   0.01974   0.06619   0.00484   0.01336   0.01297   0.01785   0.08484   0.01030   0.03117   0.03146  10.39068  
 48  0.1722 927492.620357  x:  0.07413   0.03694   0.01647   0.01612   0.03340   0.03340   0.05021   0.06691   0.01975   0.06621   0.00484   0.01337   0.01298   0.01786   0.08486   0.01042   0.03118   0.03148  10.44948  
 49  0.0467 927492.620216  x:  0.07412   0.03694   0.01647   0.01612   0.03340   0.03340   0.05020   0.06690   0.01974   0.06621   0.00484   0.01337   0.01298   0.01785   0.08485   0.01043   0.03118   0.03148  10.45571  
 50  0.0060 927492.620215  x:  0.07412   0.03694   0.01647   0.01612   0.03340   0.03340   0.05020   0.06690   0.01974   0.06621   0.00484   0.01337   0.01298   0.01785   0.08485   0.01043   0.03118   0.03148  10.45572  