320434981
176350785
1186779433
-31812655
1501513143
-756010273
-437395697
-797666295
1251488927
496218017
861605993
-1253899385
1174253411
-416885033
-184990795
641680083
-435896541
-288203229
740876603
28778041
695396365
-827163653
2121784533
2013572153
-1564476553
868714181
1051338025
1985959649
656711747
98373283
1955959905
-1724284427
-889476641
673380681
486703403
1729880849
-1248278347
900357513
292589651
174083015
-296951397
-1392166173
1707165203
-1884732783
-34427821
-1995296349
-2134700789
-81245035
1020654925
-1345260495
1065244939
-2137704279
-1757559955
-1014225525
391006167
-1501890565
1185643403
265264247
164575367
-1885163889
833086417
-448243369
1373296837
1299338945
-686320595
1866801917
-1881094145
1579879677
-549334895
784126235
