0.9355096493055083
0.8937353907929823
0.8694406570764003
1.016778780451659
1.4755685878981637
0.7739775266198353
1.2351147186915519
0.7531040993161733
0.9668589412851367
0.5155214897049102
1.4955389654739932
0.9876302043760652
1.2981009693497174
0.7418356951099158
1.6265899726409785
1.006595138142047
1.1072827559111782
1.498890261933066
1.2219890027894402
1.2220863167512004
0.5249634080153903
1.5961983598512415
0.6389994192013028
0.7303923412674349
0.5175895153652322
0.6147938005022433
1.0028966635275955
0.6698435921925411
1.305940674864971
1.8503356252022565
0.6844461539942457
0.8661178419829458
1.3338995227423656
1.016192037376437
1.04099434813844
0.7521144603826383
1.0754865387965136
1.0921619727889111
0.6907278046478909
1.0170330682386592
1.8420297437079771
0.7420472531591608
0.55378761367702
0.7770037996032961
0.5906000038506548
0.47713069460095864
1.2072984639142008
0.9940909144363337
0.6490450629476838
1.2217703447452253
0.731480612260635
1.1417047570464691
0.9180058396732472
1.013555340701301
0.994439064383289
1.1267851039048749
1.1687885113936864
0.9246516056148654
1.224375275747628
0.59117904764141
0.871475815344882
1.525748091089411
0.8745100598043163
0.6920803030116054
0.8491837666789572
1.715656615947201
1.210505251197036
1.0019473277266773
1.0705574304966754
1.3366602554993319