

TREE #  1

  0  0.0000 784372.760772  x:  0.03811   0.02101   0.01514   0.00939   0.02574   0.02468   0.04179   0.04873   0.01470   0.04312   0.00341   0.01112   0.00909   0.01242   0.08711   0.03216   0.02371   0.01539   0.93008  
  1 99.0000 784371.886018  x:  0.03808   0.02106   0.01503   0.00923   0.02583   0.02460   0.04179   0.04875   0.01444   0.04306   0.00346   0.01103   0.00919   0.01241   0.08708   0.03213   0.02366   0.01545   0.93015  
  2 4383.9066 784371.712289  x:  0.03806   0.02109   0.01501   0.00924   0.02587   0.02458   0.04178   0.04875   0.01436   0.04303   0.00339   0.01104   0.00916   0.01240   0.08706   0.03211   0.02364   0.01546   0.93020  
  3 3442.8798 784371.588465  x:  0.03804   0.02113   0.01500   0.00929   0.02590   0.02455   0.04178   0.04876   0.01430   0.04300   0.00343   0.01107   0.00911   0.01240   0.08703   0.03209   0.02361   0.01546   0.93028  
  4 2598.1208 784371.391932  x:  0.03797   0.02122   0.01504   0.00934   0.02590   0.02452   0.04175   0.04878   0.01432   0.04293   0.00342   0.01108   0.00919   0.01240   0.08692   0.03202   0.02356   0.01543   0.93064  
  5 1469.8557 784370.836719  x:  0.03783   0.02132   0.01505   0.00923   0.02585   0.02450   0.04167   0.04880   0.01444   0.04277   0.00342   0.01101   0.00909   0.01240   0.08660   0.03188   0.02353   0.01542   0.93185  
  6 4945.5481 784369.135151  x:  0.03771   0.02101   0.01486   0.00926   0.02574   0.02458   0.04157   0.04873   0.01447   0.04255   0.00342   0.01113   0.00913   0.01234   0.08582   0.03176   0.02366   0.01554   0.93591  
  7 9284.5203 784366.301040  x:  0.03787   0.02073   0.01501   0.00942   0.02578   0.02456   0.04157   0.04857   0.01433   0.04258   0.00341   0.01080   0.00911   0.01244   0.08508   0.03192   0.02361   0.01534   0.94293  
  8 21821.6463 784360.526006  x:  0.03825   0.02081   0.01528   0.00908   0.02591   0.02437   0.04166   0.04831   0.01424   0.04293   0.00341   0.01121   0.00911   0.01238   0.08431   0.03230   0.02342   0.01512   0.95756  
  9 58298.2447 784347.905515  x:  0.03847   0.02164   0.01491   0.00938   0.02597   0.02432   0.04184   0.04811   0.01448   0.04361   0.00344   0.01098   0.00914   0.01218   0.08422   0.03253   0.02349   0.01591   0.99022  
 10 87987.5922 784329.284667  x:  0.03775   0.02154   0.01459   0.00930   0.02574   0.02478   0.04185   0.04852   0.01426   0.04357   0.00337   0.01113   0.00914   0.01299   0.08568   0.03180   0.02364   0.01543   1.03891  
 11 138220.8934 784322.466096  x:  0.03748   0.02119   0.01492   0.00929   0.02574   0.02474   0.04175   0.04873   0.01420   0.04321   0.00344   0.01105   0.00913   0.01230   0.08641   0.03153   0.02365   0.01531   1.05569  
 12 148137.3131 784321.237691  x:  0.03756   0.02103   0.01505   0.00929   0.02581   0.02448   0.04163   0.04871   0.01433   0.04284   0.00343   0.01107   0.00913   0.01244   0.08663   0.03161   0.02357   0.01552   1.05882  
 13 20681.7264 784321.057332  x:  0.03763   0.02106   0.01495   0.00930   0.02582   0.02450   0.04159   0.04865   0.01437   0.04268   0.00344   0.01106   0.00913   0.01241   0.08669   0.03169   0.02353   0.01544   1.05929  
 14 3504.9206 784321.041301  x:  0.03765   0.02108   0.01497   0.00929   0.02581   0.02453   0.04159   0.04863   0.01435   0.04265   0.00344   0.01106   0.00913   0.01241   0.08669   0.03170   0.02355   0.01545   1.05933  
 15 571.2666 784321.040795  x:  0.03764   0.02108   0.01497   0.00929   0.02581   0.02452   0.04159   0.04862   0.01435   0.04265   0.00344   0.01106   0.00913   0.01241   0.08669   0.03170   0.02356   0.01545   1.05933  
 16 68.5602 784321.040777  x:  0.03764   0.02108   0.01497   0.00929   0.02581   0.02453   0.04159   0.04861   0.01435   0.04265   0.00344   0.01106   0.00913   0.01241   0.08669   0.03170   0.02356   0.01545   1.05933  
 17 16.9690 784321.040777  x:  0.03764   0.02108   0.01497   0.00929   0.02581   0.02453   0.04159   0.04861   0.01435   0.04265   0.00344   0.01106   0.00913   0.01241   0.08669   0.03170   0.02356   0.01545   1.05933  
 18  2.4602 784321.040777  x:  0.03764   0.02108   0.01497   0.00929   0.02581   0.02453   0.04159   0.04861   0.01435   0.04265   0.00344   0.01106   0.00913   0.01241   0.08669   0.03170   0.02356   0.01545   1.05933  
 19 125.0538 784320.883805  x:  0.03772   0.02107   0.01502   0.00929   0.02582   0.02450   0.04161   0.04857   0.01436   0.04269   0.00342   0.01104   0.00912   0.01232   0.08653   0.03177   0.02354   0.01546   1.05934  
 20 1345.5416 784320.820889  x:  0.03775   0.02106   0.01502   0.00929   0.02583   0.02449   0.04161   0.04854   0.01436   0.04272   0.00346   0.01104   0.00912   0.01233   0.08644   0.03180   0.02354   0.01546   1.05935  
 21 2429.9357 784320.758704  x:  0.03778   0.02105   0.01501   0.00929   0.02583   0.02449   0.04161   0.04851   0.01435   0.04274   0.00343   0.01106   0.00914   0.01239   0.08631   0.03183   0.02354   0.01546   1.05936  
 22 2218.8708 784320.737214  x:  0.03775   0.02106   0.01499   0.00929   0.02582   0.02450   0.04161   0.04851   0.01435   0.04273   0.00343   0.01105   0.00911   0.01239   0.08623   0.03181   0.02354   0.01545   1.05937  
 23 644.7871 784320.727240  x:  0.03773   0.02106   0.01498   0.00929   0.02581   0.02451   0.04160   0.04852   0.01435   0.04272   0.00343   0.01105   0.00913   0.01237   0.08619   0.03179   0.02355   0.01545   1.05938  
 24 677.3760 784320.724464  x:  0.03772   0.02106   0.01500   0.00929   0.02581   0.02450   0.04160   0.04852   0.01435   0.04272   0.00343   0.01106   0.00913   0.01238   0.08618   0.03178   0.02354   0.01545   1.05939  
 25 259.6891 784320.723678  x:  0.03772   0.02106   0.01500   0.00929   0.02581   0.02449   0.04160   0.04852   0.01436   0.04271   0.00343   0.01105   0.00913   0.01238   0.08617   0.03178   0.02354   0.01545   1.05941  
 26 129.7494 784320.721474  x:  0.03773   0.02105   0.01499   0.00929   0.02582   0.02449   0.04159   0.04853   0.01436   0.04269   0.00343   0.01105   0.00913   0.01238   0.08617   0.03178   0.02353   0.01545   1.05946  
 27 163.9732 784320.702675  x:  0.03775   0.02105   0.01500   0.00928   0.02580   0.02452   0.04157   0.04852   0.01437   0.04263   0.00344   0.01105   0.00913   0.01238   0.08616   0.03180   0.02354   0.01544   1.06003  
 28 436.2477 784320.568432  x:  0.03774   0.02109   0.01501   0.00938   0.02579   0.02450   0.04159   0.04849   0.01436   0.04260   0.00344   0.01107   0.00913   0.01237   0.08614   0.03179   0.02358   0.01548   1.06420  
 29 2839.6292 784320.286359  x:  0.03770   0.02111   0.01498   0.00927   0.02580   0.02445   0.04163   0.04843   0.01435   0.04262   0.00344   0.01105   0.00913   0.01238   0.08611   0.03175   0.02358   0.01548   1.07303  
 30 41675.1795 784320.224014  x:  0.03769   0.02106   0.01499   0.00929   0.02581   0.02448   0.04161   0.04845   0.01435   0.04266   0.00344   0.01105   0.00913   0.01237   0.08611   0.03174   0.02353   0.01543   1.07496  
 31 14269.4240 784320.214280  x:  0.03769   0.02104   0.01500   0.00929   0.02581   0.02450   0.04159   0.04848   0.01436   0.04268   0.00344   0.01105   0.00913   0.01237   0.08610   0.03174   0.02353   0.01546   1.07526  
 32 2031.2678 784320.212956  x:  0.03769   0.02105   0.01499   0.00929   0.02581   0.02449   0.04158   0.04849   0.01436   0.04269   0.00344   0.01105   0.00913   0.01237   0.08610   0.03175   0.02353   0.01545   1.07530  
 33 253.4811 784320.212906  x:  0.03769   0.02105   0.01499   0.00929   0.02581   0.02449   0.04158   0.04850   0.01436   0.04269   0.00344   0.01105   0.00913   0.01237   0.08610   0.03175   0.02353   0.01545   1.07530  
 34 23.8749 784320.212891  x:  0.03769   0.02105   0.01499   0.00929   0.02581   0.02449   0.04158   0.04850   0.01436   0.04269   0.00344   0.01105   0.00913   0.01237   0.08610   0.03175   0.02353   0.01545   1.07530  
 35  7.5115 784320.212891  x:  0.03769   0.02105   0.01499   0.00929   0.02581   0.02449   0.04158   0.04850   0.01436   0.04269   0.00344   0.01105   0.00913   0.01237   0.08610   0.03175   0.02353   0.01545   1.07530  
 36  1.5682 784320.212879  x:  0.03769   0.02105   0.01499   0.00929   0.02581   0.02449   0.04158   0.04850   0.01436   0.04269   0.00344   0.01105   0.00913   0.01237   0.08610   0.03175   0.02353   0.01545   1.07530  
 37 49.4097 784320.212855  x:  0.03769   0.02105   0.01499   0.00929   0.02581   0.02449   0.04158   0.04850   0.01436   0.04268   0.00344   0.01105   0.00913   0.01237   0.08610   0.03175   0.02353   0.01545   1.07530  
 38 26.7597 784320.212845  x:  0.03769   0.02105   0.01499   0.00929   0.02581   0.02449   0.04158   0.04850   0.01436   0.04268   0.00344   0.01105   0.00913   0.01237   0.08610   0.03175   0.02353   0.01545   1.07530  
 39 16.7464 784320.212845  x:  0.03769   0.02105   0.01499   0.00929   0.02581   0.02449   0.04158   0.04850   0.01436   0.04268   0.00344   0.01105   0.00913   0.01237   0.08610   0.03175   0.02353   0.01545   1.07530  
 40  6.8659 784320.212845  x:  0.03769   0.02105   0.01499   0.00929   0.02581   0.02449   0.04158   0.04850   0.01436   0.04268   0.00344   0.01105   0.00913   0.01237   0.08610   0.03175   0.02353   0.01545   1.07530  
 41 45.1598 784320.212845  x:  0.03769   0.02105   0.01499   0.00929   0.02581   0.02449   0.04158   0.04850   0.01436   0.04268   0.00344   0.01105   0.00913   0.01237   0.08610   0.03175   0.02353   0.01545   1.07530  
 42 24.6961 784320.212843  x:  0.03769   0.02105   0.01499   0.00929   0.02581   0.02449   0.04158   0.04850   0.01436   0.04268   0.00344   0.01105   0.00913   0.01237   0.08610   0.03175   0.02353   0.01545   1.07530  
 43 46.2736 784320.212831  x:  0.03769   0.02105   0.01499   0.00929   0.02581   0.02449   0.04158   0.04850   0.01436   0.04268   0.00344   0.01105   0.00913   0.01237   0.08610   0.03175   0.02353   0.01545   1.07530  
 44 23.9685 784320.212828  x:  0.03769   0.02105   0.01499   0.00929   0.02581   0.02449   0.04158   0.04850   0.01436   0.04268   0.00344   0.01105   0.00913   0.01237   0.08610   0.03175   0.02353   0.01545   1.07530  
 45  9.3111 784320.212827  x:  0.03769   0.02105   0.01499   0.00929   0.02581   0.02449   0.04158   0.04850   0.01436   0.04268   0.00344   0.01105   0.00913   0.01237   0.08610   0.03175   0.02353   0.01545   1.07530  
 46  5.0731 784320.212827  x:  0.03769   0.02105   0.01499   0.00929   0.02581   0.02449   0.04158   0.04850   0.01436   0.04268   0.00344   0.01105   0.00913   0.01237   0.08610   0.03175   0.02353   0.01545   1.07530  
 47  4.4819 784320.212826  x:  0.03769   0.02105   0.01499   0.00929   0.02581   0.02449   0.04158   0.04850   0.01436   0.04268   0.00344   0.01105   0.00913   0.01237   0.08610   0.03175   0.02353   0.01545   1.07530  
 48  2.3444 784320.212826  x:  0.03769   0.02105   0.01499   0.00929   0.02581   0.02449   0.04158   0.04850   0.01436   0.04268   0.00344   0.01105   0.00913   0.01237   0.08610   0.03175   0.02353   0.01545   1.07530  
 49  1.4321 784320.212826  x:  0.03769   0.02105   0.01499   0.00929   0.02581   0.02449   0.04158   0.04850   0.01436   0.04268   0.00344   0.01105   0.00913   0.01237   0.08610   0.03175   0.02353   0.01545   1.07530  
 50  0.9806 784320.212826  x:  0.03769   0.02105   0.01499   0.00929   0.02581   0.02449   0.04158   0.04850   0.01436   0.04268   0.00344   0.01105   0.00913   0.01237   0.08610   0.03175   0.02353   0.01545   1.07530  
 51  0.6283 784320.212826  x:  0.03769   0.02105   0.01499   0.00929   0.02581   0.02449   0.04158   0.04850   0.01436   0.04268   0.00344   0.01105   0.00913   0.01237   0.08610   0.03175   0.02353   0.01545   1.07530  
 52  1.2170 784320.212825  x:  0.03769   0.02105   0.01499   0.00929   0.02581   0.02449   0.04158   0.04850   0.01436   0.04268   0.00344   0.01105   0.00913   0.01237   0.08610   0.03175   0.02353   0.01545   1.07531  
 53  5.7595 784320.212821  x:  0.03769   0.02105   0.01499   0.00929   0.02581   0.02449   0.04158   0.04850   0.01436   0.04268   0.00344   0.01105   0.00913   0.01237   0.08610   0.03175   0.02353   0.01545   1.07533  
 54 28.7544 784320.212814  x:  0.03769   0.02105   0.01499   0.00929   0.02581   0.02449   0.04158   0.04850   0.01436   0.04268   0.00344   0.01105   0.00913   0.01237   0.08610   0.03175   0.02353   0.01545   1.07538  
 55 126.6660 784320.212814  x:  0.03769   0.02105   0.01499   0.00929   0.02581   0.02449   0.04158   0.04850   0.01436   0.04268   0.00344   0.01105   0.00913   0.01237   0.08610   0.03175   0.02353   0.01545   1.07538  
 56 22.6774 784320.212814  x:  0.03769   0.02105   0.01499   0.00929   0.02581   0.02449   0.04158   0.04850   0.01436   0.04268   0.00344   0.01105   0.00913   0.01237   0.08610   0.03175   0.02353   0.01545   1.07538  
 57  0.9639 784320.212814  x:  0.03769   0.02105   0.01499   0.00929   0.02581   0.02449   0.04158   0.04850   0.01436   0.04268   0.00344   0.01105   0.00913   0.01237   0.08610   0.03175   0.02353   0.01545   1.07538  
 58  0.1131 784320.212814  x:  0.03769   0.02105   0.01499   0.00929   0.02581   0.02449   0.04158   0.04850   0.01436   0.04268   0.00344   0.01105   0.00913   0.01237   0.08610   0.03175   0.02353   0.01545   1.07538  
 59  0.0204 784320.212814  x:  0.03769   0.02105   0.01499   0.00929   0.02581   0.02449   0.04158   0.04850   0.01436   0.04268   0.00344   0.01105   0.00913   0.01237   0.08610   0.03175   0.02353   0.01545   1.07538  
 60  0.0017 784320.212814  x:  0.03769   0.02105   0.01499   0.00929   0.02581   0.02449   0.04158   0.04850   0.01436   0.04268   0.00344   0.01105   0.00913   0.01237   0.08610   0.03175   0.02353   0.01545   1.07538  
 61  0.0271 784320.212814  x:  0.03769   0.02105   0.01499   0.00929   0.02581   0.02449   0.04158   0.04850   0.01436   0.04268   0.00344   0.01105   0.00913   0.01237   0.08610   0.03175   0.02353   0.01545   1.07538  
 62  0.0022 784320.212814  x:  0.03769   0.02105   0.01499   0.00929   0.02581   0.02449   0.04158   0.04850   0.01436   0.04268   0.00344   0.01105   0.00913   0.01237   0.08610   0.03175   0.02353   0.01545   1.07538  
 63 37.5990 784320.212814  x:  0.03769   0.02105   0.01499   0.00929   0.02581   0.02449   0.04158   0.04850   0.01436   0.04268   0.00344   0.01105   0.00913   0.01237   0.08610   0.03175   0.02353   0.01545   1.07538  
check convergence!
