

TREE #  1

  0  0.0000 760759.836446  x:  0.03802   0.02490   0.00624   0.01081   0.02007   0.02490   0.04509   0.07852   0.01299   0.05463   0.00231   0.00852   0.00744   0.00924   0.04491   0.01202   0.03066   0.01552   1.02199  
  1 99.0000 760758.197202  x:  0.03793   0.02488   0.00588   0.01083   0.02004   0.02490   0.04508   0.07851   0.01297   0.05463   0.00236   0.00850   0.00748   0.00924   0.04491   0.01193   0.03061   0.01558   1.02199  
  2 7740.4385 760758.045354  x:  0.03789   0.02489   0.00585   0.01084   0.02003   0.02490   0.04507   0.07851   0.01296   0.05463   0.00230   0.00850   0.00748   0.00924   0.04491   0.01189   0.03058   0.01560   1.02199  
  3 3851.9423 760757.810040  x:  0.03775   0.02492   0.00588   0.01088   0.01999   0.02489   0.04504   0.07849   0.01295   0.05462   0.00232   0.00850   0.00744   0.00923   0.04491   0.01175   0.03047   0.01565   1.02199  
  4 2927.0311 760757.791444  x:  0.03774   0.02493   0.00589   0.01086   0.01999   0.02488   0.04503   0.07849   0.01295   0.05462   0.00232   0.00850   0.00747   0.00923   0.04491   0.01173   0.03045   0.01564   1.02199  
  5 903.5116 760757.786568  x:  0.03774   0.02493   0.00589   0.01084   0.01999   0.02488   0.04502   0.07848   0.01295   0.05461   0.00232   0.00850   0.00746   0.00923   0.04490   0.01173   0.03044   0.01563   1.02199  
  6 383.9047 760757.783669  x:  0.03774   0.02493   0.00589   0.01085   0.02000   0.02488   0.04500   0.07846   0.01295   0.05460   0.00232   0.00850   0.00746   0.00923   0.04489   0.01174   0.03043   0.01563   1.02199  
  7 218.9642 760757.782879  x:  0.03774   0.02493   0.00589   0.01085   0.01999   0.02488   0.04499   0.07844   0.01295   0.05460   0.00232   0.00850   0.00746   0.00924   0.04489   0.01174   0.03043   0.01563   1.02199  
  8 138.2814 760757.782705  x:  0.03774   0.02493   0.00589   0.01085   0.01999   0.02488   0.04499   0.07844   0.01295   0.05460   0.00232   0.00850   0.00746   0.00923   0.04489   0.01174   0.03044   0.01563   1.02199  
  9 82.0217 760757.782583  x:  0.03774   0.02492   0.00589   0.01085   0.01999   0.02488   0.04500   0.07843   0.01295   0.05459   0.00232   0.00850   0.00746   0.00923   0.04489   0.01174   0.03044   0.01563   1.02198  
 10 51.0009 760757.782541  x:  0.03774   0.02493   0.00589   0.01085   0.01999   0.02488   0.04500   0.07843   0.01295   0.05460   0.00232   0.00850   0.00746   0.00923   0.04489   0.01174   0.03044   0.01563   1.02198  
 11 18.0617 760757.782524  x:  0.03774   0.02493   0.00589   0.01085   0.01999   0.02488   0.04500   0.07843   0.01295   0.05460   0.00232   0.00850   0.00746   0.00923   0.04489   0.01174   0.03043   0.01563   1.02198  
 12 13.0945 760757.782506  x:  0.03774   0.02493   0.00589   0.01085   0.01999   0.02488   0.04500   0.07843   0.01295   0.05460   0.00232   0.00850   0.00746   0.00923   0.04489   0.01174   0.03043   0.01563   1.02197  
 13 36.2958 760757.782112  x:  0.03774   0.02492   0.00589   0.01085   0.01999   0.02488   0.04499   0.07843   0.01295   0.05461   0.00232   0.00850   0.00746   0.00923   0.04489   0.01174   0.03044   0.01563   1.02187  
 14 138.6342 760757.780066  x:  0.03774   0.02493   0.00589   0.01085   0.01999   0.02486   0.04499   0.07843   0.01295   0.05461   0.00232   0.00850   0.00746   0.00923   0.04489   0.01174   0.03044   0.01563   1.02131  
 15 369.0091 760757.776385  x:  0.03774   0.02493   0.00589   0.01085   0.01999   0.02488   0.04500   0.07844   0.01295   0.05460   0.00232   0.00850   0.00746   0.00923   0.04488   0.01174   0.03044   0.01563   1.02031  
 16 2346.7886 760757.776196  x:  0.03774   0.02493   0.00589   0.01085   0.01999   0.02488   0.04500   0.07844   0.01295   0.05460   0.00232   0.00850   0.00746   0.00923   0.04489   0.01174   0.03044   0.01563   1.02026  
 17 277.0957 760757.776171  x:  0.03774   0.02493   0.00589   0.01085   0.01999   0.02488   0.04500   0.07844   0.01295   0.05460   0.00232   0.00850   0.00746   0.00923   0.04489   0.01174   0.03044   0.01563   1.02025  
 18 24.3601 760757.776170  x:  0.03774   0.02493   0.00589   0.01085   0.01999   0.02488   0.04500   0.07844   0.01295   0.05460   0.00232   0.00850   0.00746   0.00923   0.04489   0.01174   0.03044   0.01563   1.02025  
 19  5.6527 760757.774296  x:  0.02250   0.02493   0.00588   0.01085   0.01999   0.02488   0.04500   0.07844   0.01295   0.05460   0.00232   0.00850   0.00746   0.00924   0.04489   0.02697   0.03044   0.01563   1.02026  
 20  0.0264 760757.774016  x:  0.02797   0.02493   0.00588   0.01085   0.01999   0.02488   0.04500   0.07844   0.01295   0.05460   0.00232   0.00850   0.00747   0.00923   0.04489   0.02151   0.03043   0.01563   1.02025  
 21  0.0157 760757.774016  x:  0.02806   0.02493   0.00588   0.01085   0.01999   0.02488   0.04500   0.07844   0.01295   0.05460   0.00232   0.00850   0.00747   0.00923   0.04489   0.02141   0.03043   0.01563   1.02025  
 22  0.0014 760757.774015  x:  0.02829   0.02493   0.00588   0.01085   0.01999   0.02488   0.04500   0.07844   0.01295   0.05460   0.00232   0.00850   0.00747   0.00923   0.04489   0.02119   0.03043   0.01563   1.02025  
 23  0.0028 760757.774015  x:  0.02829   0.02493   0.00588   0.01085   0.01999   0.02488   0.04500   0.07844   0.01295   0.05460   0.00232   0.00850   0.00747   0.00923   0.04489   0.02119   0.03043   0.01563   1.02025  
 24  0.0032 760757.774015  x:  0.02829   0.02493   0.00588   0.01085   0.01999   0.02488   0.04500   0.07844   0.01295   0.05460   0.00232   0.00850   0.00747   0.00923   0.04489   0.02119   0.03043   0.01563   1.02025  
 25  0.0588 760757.774015  x:  0.02829   0.02493   0.00588   0.01085   0.01999   0.02488   0.04500   0.07844   0.01295   0.05460   0.00232   0.00850   0.00747   0.00923   0.04489   0.02119   0.03043   0.01563   1.02025  
 26  0.0004 760757.774015  x:  0.02829   0.02493   0.00588   0.01085   0.01999   0.02488   0.04500   0.07844   0.01295   0.05460   0.00232   0.00850   0.00747   0.00923   0.04489   0.02119   0.03043   0.01563   1.02025  
check convergence!
