1.5172200869005357
1.0988428024663395
0.4790646184046386
1.1153042184231647
1.2360929463548425
0.5491734634499421
1.3869918919180995
0.6217950522919624
1.3893996725439275
1.2089989869790276
0.9379817058136546
1.2719821698407947
0.790500877088951
0.8647605794536238
1.0715302024452362
0.9746842229978953
1.6622812365674329
1.5568435516287071
1.3262066240555501
0.5541881669606812
0.7508717423194505
0.7240476912983468
1.0237649051077293
1.0922640977133375
0.6865582053732352
0.5522804656667598
0.6166359672526709
0.7950061508771711
0.9355041782798971
0.9560738428743086
1.856423924776979
1.272956940793196
0.8301669549823203
0.9279133695447737
1.1095800363780028
0.6198751920424591
1.6429956744826182
1.115252673517523
1.2374836841700327
0.7476136859906397
0.7015783895559702
2.02297253739625
0.5074714438412005
1.6913661147612105
1.404428713955113
0.6051861331463297
0.7149520951169377
0.29422972122698293
1.3970996178291522
0.42227447123842143
0.8063845387592627
1.0787109887460933
1.1154060156987613
0.7152023731379994
0.6431913237636068
0.949223997872206
1.025427254317736
1.91517990978655
1.438121970436181
1.0183767835462332
0.7060605772442963
1.922047137244963
1.2509799000137327
1.1925671617052707
1.139723510827725
1.0280101719599315
0.8385547920602658
1.2802492806597676
0.8438528871005325
1.0471146793784316