-863782509
-634543923
1146107751
-1125775369
903428841
-1191907609
1116644687
1074062787
-1513099697
-93130199
-1260826043
-511990897
1550767977
-1202368305
-1244189007
-116239665
-1509562969
-696718969
-1296920335
-1795005971
-544827227
-1878001891
761611317
-1222898469
-1668580437
-137936259
773015473
-1254655987
-1209320417
-1622348299
1007085939
524580883
1567431891
1002832547
-228344807
-816176343
-915917057
-651245513
1478758337
1892014261
-428899509
-557634641
-312996465
-1664326365
1193010895
54259135
-1178829679
778660267
751879961
-1990256951
-945798135
103066607
-1824454519
63139157
-793214177
578300977
-1531601743
-1981345185
-1468668429
1569751109
2136666465
359457265
-1736646877
1543078679
-860785799
-1419080659
984428441
709075791
1114278249
-853220925
