

TREE #  1

  0  0.0000 891756.320695  x:  0.02745   0.04120   0.01767   0.01617   0.03199   0.03220   0.04850   0.06598   0.02262   0.06688   0.00419   0.01239   0.01216   0.01689   0.08422   0.06449   0.02991   0.03005   1.05202  
  1 99.0000 891529.005936  x:  0.02519   0.03732   0.01413   0.01395   0.03198   0.03223   0.04818   0.06547   0.01781   0.06543   0.00336   0.01272   0.01259   0.01722   0.08335   0.06222   0.03000   0.03013   1.05321  
  2 50511.2226 891500.439557  x:  0.02454   0.03643   0.01414   0.01409   0.03190   0.03215   0.04803   0.06527   0.01706   0.06498   0.00446   0.01253   0.01237   0.01717   0.08302   0.06157   0.02992   0.03004   1.05370  
  3 45866.5146 891461.988385  x:  0.02316   0.03486   0.01529   0.01507   0.03163   0.03189   0.04763   0.06475   0.01649   0.06394   0.00401   0.01198   0.01173   0.01665   0.08221   0.06019   0.02962   0.02974   1.05506  
  4 36699.6352 891438.714657  x:  0.02209   0.03408   0.01567   0.01476   0.03124   0.03149   0.04705   0.06396   0.01764   0.06282   0.00405   0.01261   0.01252   0.01662   0.08115   0.05912   0.02929   0.02940   1.05723  
  5 20363.8747 891419.022134  x:  0.02166   0.03410   0.01507   0.01421   0.03105   0.03128   0.04657   0.06311   0.01872   0.06177   0.00404   0.01199   0.01172   0.01682   0.07994   0.05869   0.02918   0.02930   1.06044  
  6 21348.6580 891358.822000  x:  0.02231   0.03560   0.01407   0.01559   0.03124   0.03145   0.04589   0.06103   0.01810   0.05917   0.00406   0.01212   0.01215   0.01628   0.07614   0.05934   0.02938   0.02948   1.07465  
  7 25635.8729 891255.980092  x:  0.02333   0.03646   0.01652   0.01334   0.03119   0.03144   0.04606   0.06012   0.01639   0.05795   0.00402   0.01261   0.01166   0.01697   0.07278   0.06036   0.02925   0.02936   1.10188  
  8 67347.2955 890586.975429  x:  0.02445   0.03227   0.01614   0.01312   0.03032   0.03078   0.04941   0.06278   0.01735   0.06256   0.00403   0.00816   0.01503   0.01658   0.06809   0.06148   0.02759   0.02780   1.28335  
  9 164457.0261 889773.039922  x:  0.02425   0.02767   0.01370   0.01546   0.02986   0.03039   0.05226   0.06622   0.01941   0.06822   0.00404   0.01366   0.01084   0.01610   0.06574   0.06128   0.02689   0.02715   1.52542  
 10 1707245.3106 888752.412165  x:  0.01705   0.03434   0.01442   0.01582   0.03257   0.03232   0.04616   0.06638   0.01832   0.06721   0.00402   0.01368   0.01130   0.01777   0.07858   0.05408   0.03315   0.03301   1.81987  
 11 702582.9362 888535.804619  x:  0.01819   0.03482   0.01404   0.01491   0.03148   0.03164   0.04404   0.06433   0.01740   0.06312   0.00423   0.01377   0.01099   0.01495   0.08589   0.05522   0.02992   0.02993   1.87926  
 12 231522.2108 888501.346789  x:  0.01879   0.03420   0.01405   0.01556   0.03125   0.03146   0.04422   0.06355   0.01736   0.06169   0.00409   0.01375   0.01107   0.01682   0.08759   0.05582   0.02939   0.02945   1.88915  
 13 88806.9612 888494.099402  x:  0.01914   0.03351   0.01419   0.01546   0.03138   0.03152   0.04502   0.06309   0.01765   0.06092   0.00413   0.01374   0.01109   0.01659   0.08816   0.05617   0.02996   0.03003   1.89119  
 14 13755.4420 888494.006216  x:  0.01909   0.03357   0.01418   0.01545   0.03143   0.03157   0.04517   0.06308   0.01766   0.06088   0.00413   0.01374   0.01109   0.01658   0.08817   0.05612   0.02992   0.02998   1.89121  
 15 956.4432 888494.005007  x:  0.01909   0.03357   0.01418   0.01545   0.03142   0.03156   0.04518   0.06308   0.01765   0.06088   0.00413   0.01374   0.01109   0.01658   0.08817   0.05612   0.02992   0.02999   1.89121  
 16 114.5323 888494.001557  x:  0.01909   0.03357   0.01418   0.01545   0.03142   0.03156   0.04518   0.06312   0.01766   0.06086   0.00413   0.01374   0.01109   0.01658   0.08817   0.05612   0.02992   0.02999   1.89122  
 17  5.2065 888493.931492  x:  0.01910   0.03357   0.01418   0.01545   0.03139   0.03159   0.04518   0.06317   0.01766   0.06083   0.00413   0.01374   0.01109   0.01658   0.08816   0.05612   0.03003   0.02989   1.89127  
 18 24.9128 888441.766244  x:  0.02228   0.03392   0.01435   0.01538   0.03394   0.02870   0.04526   0.06317   0.01765   0.06079   0.00413   0.01370   0.01125   0.01657   0.08750   0.05360   0.03062   0.02895   1.93250  
 19 279.1486 887602.853016  x:  0.07763   0.03948   0.01779   0.01410   0.03045   0.03250   0.04647   0.06158   0.01862   0.06092   0.00422   0.01289   0.01414   0.01646   0.07563   0.00863   0.02874   0.02947   2.65790  
 20 230482.2093 887068.766654  x:  0.04690   0.03197   0.01457   0.01402   0.03094   0.03076   0.04531   0.05973   0.01682   0.05705   0.00376   0.01130   0.01179   0.01665   0.07522   0.02873   0.02899   0.02891   3.38419  
 21  0.3712 886785.466249  x:  0.06095   0.03362   0.01492   0.01549   0.03126   0.03111   0.04753   0.06411   0.01900   0.06368   0.00449   0.01196   0.01101   0.01673   0.07920   0.01896   0.02913   0.02917   4.27426  
 22  0.4216 886610.504788  x:  0.07861   0.03390   0.01535   0.01486   0.03071   0.03112   0.04645   0.06243   0.01845   0.06151   0.00434   0.01219   0.01212   0.01639   0.07742   0.00000   0.02880   0.02901   4.94800  
 23  0.5886 886609.978639  x:  0.07930   0.03391   0.01536   0.01485   0.03071   0.03112   0.04644   0.06240   0.01844   0.06149   0.00434   0.01219   0.01214   0.01639   0.07739   0.00000   0.02880   0.02901   4.95696  
 24 22424.3241 886418.142369  x:  0.07688   0.03332   0.01482   0.01414   0.03135   0.03096   0.04503   0.05973   0.01725   0.05702   0.00375   0.01226   0.01085   0.01663   0.07488   0.00000   0.02934   0.02915   7.69584  
 25  0.9746 886417.368734  x:  0.07686   0.03331   0.01482   0.01413   0.03135   0.03096   0.04502   0.05971   0.01724   0.05698   0.00374   0.01226   0.01084   0.01663   0.07486   0.00084   0.02934   0.02915   7.71655  
 26 45745.7510 886329.960679  x:  0.07611   0.03341   0.01536   0.01459   0.03067   0.03109   0.04610   0.06160   0.01797   0.06024   0.00426   0.01235   0.01276   0.01648   0.07691   0.00190   0.02879   0.02900   9.16948  
 27  0.8796 886270.201954  x:  0.07274   0.03452   0.01551   0.01467   0.03046   0.03083   0.04532   0.06067   0.01864   0.05920   0.00415   0.01197   0.01138   0.01613   0.07458   0.00414   0.02860   0.02876  13.16525  
 28  0.9405 886238.654901  x:  0.07070   0.03325   0.01506   0.01440   0.03102   0.03111   0.04596   0.06121   0.01749   0.05951   0.00409   0.01214   0.01208   0.01650   0.07677   0.00661   0.02903   0.02908  15.97885  
 29  1.5384 886217.124188  x:  0.06560   0.03341   0.01550   0.01479   0.03040   0.03082   0.04564   0.06103   0.01881   0.05935   0.00428   0.01226   0.01207   0.01649   0.07555   0.01163   0.02860   0.02883  22.50628  
 30  1.7638 886205.177594  x:  0.06144   0.03370   0.01517   0.01443   0.03087   0.03102   0.04574   0.06095   0.01759   0.05950   0.00412   0.01222   0.01191   0.01636   0.07572   0.01553   0.02890   0.02896  27.85416  
 31  2.5129 886197.555761  x:  0.05312   0.03311   0.01531   0.01457   0.03062   0.03094   0.04565   0.06088   0.01834   0.05885   0.00415   0.01214   0.01208   0.01642   0.07640   0.02395   0.02876   0.02894  38.55944  
 32  3.0821 886193.113121  x:  0.04568   0.03364   0.01527   0.01456   0.03073   0.03093   0.04568   0.06102   0.01793   0.05957   0.00418   0.01216   0.01200   0.01643   0.07536   0.03130   0.02883   0.02892  48.14472  
 33  4.5483 886190.234138  x:  0.03170   0.03338   0.01524   0.01445   0.03069   0.03098   0.04570   0.06075   0.01792   0.05903   0.00415   0.01220   0.01191   0.01634   0.07623   0.04516   0.02875   0.02888  66.12437  
 34  5.4566 886188.494693  x:  0.01776   0.03342   0.01527   0.01460   0.03074   0.03093   0.04565   0.06102   0.01811   0.05930   0.00416   0.01218   0.01204   0.01644   0.07554   0.05921   0.02886   0.02897  84.07091  
 35  7.7578 886187.429897  x:  0.00000   0.03349   0.01528   0.01452   0.03065   0.03093   0.04566   0.06084   0.01795   0.05929   0.00417   0.01218   0.01197   0.01639   0.07574   0.07688   0.02874   0.02888  106.92341  
 36  9.6859 886187.429897  x:  0.00000   0.03349   0.01528   0.01452   0.03065   0.03093   0.04566   0.06084   0.01795   0.05929   0.00417   0.01218   0.01197   0.01639   0.07574   0.07688   0.02874   0.02888  106.92341  
 37 18.5962 886187.398853  x:  0.00001   0.03348   0.01527   0.01453   0.03067   0.03094   0.04566   0.06085   0.01798   0.05928   0.00415   0.01218   0.01199   0.01640   0.07574   0.07688   0.02877   0.02889  106.92341  
 38 968.3642 886187.377986  x:  0.00001   0.03346   0.01526   0.01454   0.03070   0.03094   0.04566   0.06086   0.01801   0.05927   0.00417   0.01218   0.01200   0.01640   0.07575   0.07689   0.02879   0.02891  106.92341  
 39 1210.1527 886187.374367  x:  0.00002   0.03345   0.01527   0.01453   0.03070   0.03094   0.04566   0.06087   0.01801   0.05926   0.00416   0.01218   0.01198   0.01640   0.07574   0.07689   0.02880   0.02892  106.92341  
 40 320.0089 886187.373081  x:  0.00002   0.03344   0.01527   0.01453   0.03070   0.03094   0.04566   0.06089   0.01801   0.05925   0.00416   0.01218   0.01199   0.01640   0.07574   0.07689   0.02880   0.02892  106.92341  
 41 145.6673 886187.372825  x:  0.00002   0.03344   0.01527   0.01453   0.03070   0.03094   0.04566   0.06089   0.01801   0.05925   0.00416   0.01218   0.01199   0.01640   0.07574   0.07689   0.02880   0.02891  106.92341  
 42 73.2529 886187.372794  x:  0.00002   0.03345   0.01527   0.01453   0.03070   0.03094   0.04566   0.06089   0.01801   0.05924   0.00416   0.01218   0.01199   0.01640   0.07574   0.07689   0.02880   0.02891  106.92341  
 43 23.0044 886187.372792  x:  0.00002   0.03345   0.01527   0.01453   0.03070   0.03094   0.04566   0.06089   0.01801   0.05924   0.00416   0.01218   0.01199   0.01640   0.07574   0.07689   0.02880   0.02892  106.92341  
 44  7.8067 886187.372786  x:  0.00002   0.03345   0.01527   0.01453   0.03070   0.03094   0.04566   0.06089   0.01801   0.05924   0.00416   0.01218   0.01199   0.01640   0.07574   0.07689   0.02880   0.02892  106.92341  
 45  3.5125 886187.372786  x:  0.00002   0.03345   0.01527   0.01453   0.03070   0.03094   0.04566   0.06089   0.01801   0.05924   0.00416   0.01218   0.01199   0.01640   0.07574   0.07689   0.02880   0.02892  106.92341  
 46  0.8873 886187.372786  x:  0.00002   0.03345   0.01527   0.01453   0.03070   0.03094   0.04566   0.06089   0.01801   0.05924   0.00416   0.01218   0.01199   0.01640   0.07574   0.07689   0.02880   0.02892  106.92341  
 47 41910.1843 886187.372785  x:  0.00002   0.03345   0.01527   0.01453   0.03070   0.03094   0.04566   0.06089   0.01801   0.05924   0.00416   0.01218   0.01199   0.01640   0.07574   0.07689   0.02880   0.02892  106.92341  
 48 31.0090 886187.372785  x:  0.00002   0.03345   0.01527   0.01453   0.03070   0.03094   0.04566   0.06089   0.01801   0.05924   0.00416   0.01218   0.01199   0.01640   0.07574   0.07689   0.02880   0.02892  106.92341  
 49 10.5361 886187.372785  x:  0.00002   0.03345   0.01527   0.01453   0.03070   0.03094   0.04566   0.06089   0.01801   0.05924   0.00416   0.01218   0.01199   0.01640   0.07574   0.07689   0.02880   0.02892  106.92341  
check convergence!
