1.2730384434130069
1.0605280099527137
0.9906076233208099
0.8290492828711017
1.1083462893433047
1.0710665745922914
0.7022877392570193
1.2554619043059507
1.3126380677119016
0.605066800649806
1.1410453977893975
0.9565374572413221
1.1822351995180014
0.8401631395652066
1.1419446268445244
1.2401896680289823
0.5788459311595431
1.2149495604080305
1.257875226345428
1.230211979230482
0.5499196766060569
0.9977940476232035
0.6459638606855624
1.049171340723481
0.7016655130790294
0.8385767744699996
0.901467409748631
0.745598753629414
1.5760232627891926
0.8680967447930336
0.8091654846912908
1.2953113887263126
1.1477750677569585
1.3040798966126665
1.0810531944659365
1.3352964999367731
0.626015768020808
1.0227696438200338
1.2713288017163242
0.7108459906893003
1.0303147802082442
0.625680194897958
0.8469389815039183
1.7378249643294532
1.828215787238746
0.9317019973501349
0.7943962940366697
0.8527424968285845
0.6465554522035784
0.7647285900121918
0.7988664973885076
0.6235871464452474
1.1191907404597214
1.3159790611685207
0.8480958177007312
1.1277547510825587
1.1738100585252618
0.6173346442046173
1.1007730226153192
1.029603183653022
1.728000109315011
1.188982412395485
0.7068221072750765
0.4765617151249538
0.7726153092533944
1.024407601140054
1.4706236468256262
0.5997961109683243
0.586138790326069
1.2421482964003767