

TREE #  1

  0  0.0000 751700.263276  x:  0.00459   0.04046   0.01371   0.01523   0.01959   0.01669   0.03004   0.04176   0.01075   0.03851   0.00296   0.00975   0.01157   0.01165   0.06599   0.04192   0.02289   0.02744   0.94727  
  1 99.0000 751699.789052  x:  0.00471   0.04060   0.01361   0.01514   0.01957   0.01664   0.03012   0.04183   0.01082   0.03857   0.00303   0.00972   0.01154   0.01164   0.06602   0.04203   0.02285   0.02747   0.94727  
  2 3017.1199 751699.639636  x:  0.00475   0.04067   0.01358   0.01511   0.01956   0.01663   0.03016   0.04187   0.01083   0.03859   0.00297   0.00972   0.01154   0.01164   0.06604   0.04208   0.02283   0.02748   0.94726  
  3 4621.4164 751699.527690  x:  0.00479   0.04078   0.01361   0.01516   0.01958   0.01666   0.03021   0.04195   0.01078   0.03862   0.00298   0.00976   0.01158   0.01166   0.06609   0.04211   0.02282   0.02750   0.94726  
  4 1577.2890 751699.508575  x:  0.00478   0.04082   0.01362   0.01517   0.01958   0.01667   0.03021   0.04197   0.01077   0.03864   0.00298   0.00973   0.01156   0.01166   0.06611   0.04210   0.02283   0.02751   0.94725  
  5 790.3566 751699.501213  x:  0.00476   0.04084   0.01361   0.01516   0.01959   0.01666   0.03020   0.04198   0.01078   0.03865   0.00298   0.00974   0.01156   0.01165   0.06614   0.04209   0.02285   0.02751   0.94725  
  6 382.4819 751699.499977  x:  0.00476   0.04084   0.01361   0.01516   0.01958   0.01666   0.03020   0.04198   0.01078   0.03865   0.00298   0.00974   0.01157   0.01166   0.06615   0.04209   0.02285   0.02751   0.94724  
  7 177.1013 751699.498941  x:  0.00476   0.04083   0.01361   0.01516   0.01958   0.01666   0.03020   0.04198   0.01078   0.03865   0.00298   0.00974   0.01156   0.01166   0.06617   0.04209   0.02284   0.02751   0.94723  
  8 119.8124 751699.498585  x:  0.00476   0.04083   0.01361   0.01516   0.01958   0.01666   0.03020   0.04198   0.01078   0.03865   0.00298   0.00974   0.01157   0.01165   0.06618   0.04209   0.02284   0.02751   0.94722  
  9 72.2139 751699.497947  x:  0.00476   0.04083   0.01362   0.01516   0.01959   0.01666   0.03021   0.04197   0.01078   0.03864   0.00298   0.00974   0.01156   0.01166   0.06618   0.04209   0.02285   0.02751   0.94719  
 10 96.8044 751699.492583  x:  0.00476   0.04082   0.01360   0.01517   0.01958   0.01667   0.03023   0.04198   0.01079   0.03864   0.00298   0.00974   0.01157   0.01165   0.06619   0.04209   0.02286   0.02752   0.94689  
 11 284.7322 751699.423256  x:  0.00475   0.04081   0.01362   0.01515   0.01956   0.01666   0.03025   0.04203   0.01077   0.03863   0.00298   0.00974   0.01156   0.01165   0.06620   0.04207   0.02282   0.02752   0.94288  
 12 2414.9056 751699.385411  x:  0.00478   0.04083   0.01361   0.01516   0.01960   0.01667   0.03021   0.04202   0.01079   0.03865   0.00298   0.00974   0.01157   0.01166   0.06620   0.04209   0.02284   0.02751   0.94069  
 13 10829.4725 751699.381904  x:  0.00478   0.04084   0.01361   0.01517   0.01959   0.01666   0.03020   0.04200   0.01078   0.03866   0.00298   0.00974   0.01157   0.01166   0.06620   0.04209   0.02285   0.02751   0.94048  
 14 1415.3005 751699.381452  x:  0.00478   0.04084   0.01361   0.01516   0.01959   0.01667   0.03021   0.04199   0.01078   0.03866   0.00298   0.00974   0.01157   0.01166   0.06620   0.04209   0.02285   0.02751   0.94046  
 15 172.8290 751699.381437  x:  0.00478   0.04084   0.01361   0.01516   0.01959   0.01667   0.03021   0.04199   0.01078   0.03866   0.00298   0.00974   0.01157   0.01166   0.06620   0.04209   0.02285   0.02751   0.94046  
 16 21.4372 751699.381437  x:  0.00478   0.04084   0.01361   0.01516   0.01959   0.01667   0.03021   0.04199   0.01078   0.03866   0.00298   0.00974   0.01157   0.01166   0.06620   0.04209   0.02285   0.02751   0.94046  
 17  1.3200 751699.381437  x:  0.00478   0.04084   0.01361   0.01516   0.01959   0.01667   0.03021   0.04199   0.01078   0.03866   0.00298   0.00974   0.01157   0.01166   0.06620   0.04209   0.02285   0.02751   0.94046  
 18 144.5682 751699.381426  x:  0.00478   0.04085   0.01361   0.01516   0.01959   0.01667   0.03021   0.04199   0.01078   0.03866   0.00298   0.00974   0.01157   0.01166   0.06620   0.04209   0.02285   0.02751   0.94046  
 19 62.8102 751699.381424  x:  0.00478   0.04085   0.01361   0.01516   0.01959   0.01667   0.03021   0.04199   0.01078   0.03866   0.00298   0.00974   0.01157   0.01166   0.06620   0.04209   0.02285   0.02751   0.94046  
 20 22.1081 751699.381423  x:  0.00478   0.04085   0.01361   0.01516   0.01959   0.01667   0.03021   0.04199   0.01078   0.03866   0.00298   0.00974   0.01157   0.01166   0.06620   0.04209   0.02285   0.02751   0.94046  
 21  8.0561 751699.381423  x:  0.00478   0.04085   0.01361   0.01516   0.01959   0.01667   0.03021   0.04199   0.01078   0.03866   0.00298   0.00974   0.01157   0.01166   0.06620   0.04209   0.02285   0.02751   0.94046  
 22  2.8577 751699.381423  x:  0.00478   0.04085   0.01361   0.01516   0.01959   0.01667   0.03021   0.04199   0.01078   0.03866   0.00298   0.00974   0.01157   0.01166   0.06620   0.04209   0.02285   0.02751   0.94046  
 23 198.0302 751699.381423  x:  0.00478   0.04085   0.01361   0.01516   0.01959   0.01667   0.03021   0.04199   0.01078   0.03866   0.00298   0.00974   0.01157   0.01166   0.06620   0.04209   0.02285   0.02751   0.94046  
 24 31.8237 751699.381423  x:  0.00478   0.04085   0.01361   0.01516   0.01959   0.01667   0.03021   0.04199   0.01078   0.03866   0.00298   0.00974   0.01157   0.01166   0.06620   0.04209   0.02285   0.02751   0.94046  
 25 49.2668 751699.381418  x:  0.00478   0.04085   0.01361   0.01516   0.01959   0.01667   0.03021   0.04199   0.01078   0.03866   0.00298   0.00974   0.01157   0.01166   0.06620   0.04209   0.02285   0.02751   0.94046  
 26 14.6129 751699.381416  x:  0.00478   0.04085   0.01361   0.01516   0.01959   0.01667   0.03021   0.04199   0.01078   0.03866   0.00298   0.00974   0.01157   0.01166   0.06620   0.04209   0.02285   0.02751   0.94046  
 27  6.9275 751699.381415  x:  0.00478   0.04085   0.01361   0.01516   0.01959   0.01667   0.03021   0.04199   0.01078   0.03866   0.00298   0.00974   0.01157   0.01166   0.06620   0.04209   0.02285   0.02751   0.94046  
 28  4.5082 751699.381415  x:  0.00478   0.04085   0.01361   0.01516   0.01959   0.01667   0.03021   0.04199   0.01078   0.03866   0.00298   0.00974   0.01157   0.01166   0.06620   0.04209   0.02285   0.02751   0.94046  
 29  1.5367 751699.381415  x:  0.00478   0.04085   0.01361   0.01516   0.01959   0.01667   0.03021   0.04199   0.01078   0.03866   0.00298   0.00974   0.01157   0.01166   0.06620   0.04209   0.02285   0.02751   0.94046  
 30  0.9008 751699.381415  x:  0.00478   0.04085   0.01361   0.01516   0.01959   0.01667   0.03021   0.04199   0.01078   0.03866   0.00298   0.00974   0.01157   0.01166   0.06620   0.04209   0.02285   0.02751   0.94046  
check convergence!
