1007782963
435316823
-110979259
1675665409
2129859759
1793846979
-951142893
1867312307
582350015
-1663580843
15078947
1847377529
-1143120805
-1181414245
1202189207
-764595479
-1024519301
1413410641
-23132721
666014711
1945696967
1532591649
-749580889
21531399
-116569613
1237712257
1904135685
2050250473
-117308147
743650749
795228995
1461524095
1827155291
-1702259083
-1774797753
-1080112051
1137984307
-1463662157
100605701
1583322901
1730171149
335294761
-2128800729
-889537185
-1635182919
748351143
-798166181
-1896682611
-88638051
-452661667
-1536594713
76810171
199270769
100316271
2088979949
1552626453
1300013843
-1070791869
-1826558071
-310005413
-369832501
-182074565
346359129
912230723
-980674229
-770037659
311516841
1705774117
-279137053
300404417
