1838220279
719479069
-2134292081
-56762075
1075288315
1609427937
353745
-10369119
-1037172157
1331645981
1382343397
-125072871
1086242483
624645547
-824062307
837707471
-1050873755
-1290517209
317943685
-803662289
2104172637
-1791846111
1739583689
1561364841
-148482333
722785671
1563146269
1871272077
-578117811
-1876151121
246076677
-1266690335
1135456641
2075843691
355506309
-246945763
-1551855985
-1021767603
-170303477
-561309815
-1021350657
994416867
-1070715549
2097310899
-1241150105
-958249119
1334302965
2029387411
-308036007
-1917054205
-670622747
2019627307
-1331315519
521599687
-1232189015
126741815
434425645
-894369909
239959299
-1434102873
9587747
-1967498715
1145107377
-1180569499
1654826259
677662503
943900039
308104583
-952036493
-309993401
