1388174827
759227889
-338476893
521628061
-1873316895
1062824725
912070771
1817697775
-825225897
-1219385147
-2023755303
1971996341
-294255367
-1751339665
-848301897
428707233
1018699299
-1569135713
864851595
820365865
-1807492151
760013655
-241612531
-1678568943
-1699089851
-1665812529
129593523
-351615005
-682515343
-195052923
-832319345
573228009
165812705
-1262577805
-105002003
282527309
1845155761
1725642667
-1416530835
-1083364059
1247518553
377091715
-937088469
-1688972043
-1703510793
-1470793393
129521583
1889879497
822498747
-1186722733
580431791
-1727122667
1483418605
1834245071
-1366421065
1336854401
-1145764135
-1125048979
1470723233
-46759575
1281017487
649941377
1900301897
-1536300967
374488025
-69593469
1342933505
-797029545
432262107
16842841
